3800 15700
13200 15800
13300 7100
4400 7100
4400 13900
11800 13900
11700 8200
5000 8200
5200 12700
10800 12700
10500 9000
6000 8800
6300 11700
10000 11700
9800 9600
7100 9700
7600 10900
9000 10700
15400 16000
15400 30200
17400 30100
17200 23300
20100 23400
23000 30100
26300 29900
21500 22300
22900 21400
24600 19000
24500 15600
20600 14300
15300 14800
15500 15800
16300 15900
20900 15400
22800 16800
23000 18400
21600 20100
20000 20600
17300 20300
17000 15800
14800 16800
12800 16700
12900 33200
6100 33000
6100 35900
14800 35900
14800 16600
