16100 35100
16050 35175
16000 35175
15950 35250
15900 35250
15850 35325
15800 35325
15750 35325
15700 35400
15650 35400
15600 35475
15550 35475
15500 35550
15450 35550
15400 35625
15350 35625
15300 35625
15250 35700
15200 35700
15150 35775
15100 35775
15050 35775
15000 35850
14950 35850
14900 35925
14850 35925
14800 35925
14850 35925
14900 35925
14950 35925
15000 35925
15050 35925
15100 35925
15150 35925
15200 35925
15250 35925
15300 35925
15350 35925
15400 35925
15450 35925
15500 35925
15550 35925
15600 35925
15650 35925
15700 35925
15750 35925
15800 35925
15850 35925
15900 35925
15950 35925
16000 35925
16050 35925
16050 35850
16050 35775
16050 35700
16050 35625
16050 35550
16050 35475
16100 35400
16100 35325
16100 35250
16100 35175
29650 34950
29700 34875
29750 34950
29750 35025
29750 35100
29750 35175
29750 35250
29750 35325
29750 35400
29700 35475
29650 35475
29600 35400
29600 35325
29600 35250
29600 35175
29600 35100
29600 35025
20900 33975
20850 34050
20850 34125
20800 34200
20800 34275
20750 34350
20700 34425
20700 34500
20650 34575
20650 34650
20650 34725
20600 34800
20600 34875
20600 34950
20600 35025
20550 35100
20550 35175
20550 35250
20550 35325
20550 35400
20500 35475
20500 35550
20450 35625
20450 35700
20450 35775
20450 35850
20450 35925
20500 35925
20550 35925
20600 35925
20650 35925
20700 35925
20750 35925
20800 35925
20850 35925
20900 35925
20950 35925
21000 35925
21050 35925
21100 35925
21150 35925
21200 35925
21250 35925
21300 35925
21350 35925
21400 35925
21350 35850
21350 35775
21300 35700
21250 35625
21250 35550
21200 35475
21200 35400
21150 35325
21150 35250
21150 35175
21100 35100
21100 35025
21050 34950
21050 34875
21050 34800
21000 34725
21000 34650
21000 34575
21000 34500
20950 34425
20950 34350
20950 34275
20950 34200
20950 34125
20900 34050
20250 29550
20200 29625
20150 29625
20100 29625
20100 29700
20100 29775
20100 29850
20100 29925
20100 30000
20100 30075
20150 30150
20150 30225
20150 30300
20150 30375
20150 30450
20150 30525
20150 30600
20150 30675
20150 30750
20150 30825
20150 30900
20150 30975
20200 31050
20200 31125
20200 31200
20250 31275
20250 31350
20300 31425
20350 31500
20400 31575
20450 31575
20500 31650
20550 31725
20600 31725
20650 31800
20700 31800
20750 31875
20800 31800
20750 31725
20750 31650
20700 31575
20650 31500
20600 31425
20550 31350
20500 31275
20450 31200
20450 31125
20400 31050
20400 30975
20400 30900
20400 30825
20400 30750
20400 30675
20400 30600
20400 30525
20400 30450
20400 30375
20400 30300
20400 30225
20450 30150
20450 30075
20450 30000
20500 29925
20500 29850
20500 29775
20450 29700
20450 29625
20400 29550
20350 29550
20300 29550
8200 28725
8200 28800
8200 28875
8200 28950
8250 29025
8300 29100
8350 29100
8400 29025
8400 28950
8400 28875
8350 28800
8350 28725
8300 28725
8250 28725
13500 28575
13550 28500
13600 28500
13650 28575
13650 28650
13700 28725
13700 28800
13650 28875
13600 28950
13550 28950
13500 28875
13500 28800
13500 28725
13500 28650
23900 27900
23950 27825
24000 27900
24000 27975
24000 28050
24000 28125
24000 28200
24000 28275
23950 28350
23900 28425
23850 28425
23800 28425
23750 28350
23750 28275
23700 28200
23700 28125
23750 28050
23800 27975
23850 27900
27550 26775
27600 26700
27650 26775
27700 26850
27700 26925
27750 27000
27750 27075
27750 27150
27750 27225
27800 27300
27800 27375
27800 27450
27800 27525
27800 27600
27800 27675
27800 27750
27750 27825
27750 27900
27750 27975
27750 28050
27700 28125
27700 28200
27700 28275
27650 28350
27600 28275
27600 28200
27600 28125
27600 28050
27550 27975
27550 27900
27550 27825
27550 27750
27550 27675
27550 27600
27550 27525
27550 27450
27550 27375
27550 27300
27550 27225
27550 27150
27550 27075
27550 27000
27550 26925
27550 26850
22500 26400
22550 26325
22600 26325
22650 26325
22700 26400
22750 26400
22800 26475
22850 26550
22900 26625
22950 26700
23000 26775
23050 26850
23050 26925
23050 27000
23100 27075
23100 27150
23100 27225
23150 27300
23200 27375
23200 27450
23250 27525
23300 27600
23300 27675
23350 27750
23350 27825
23350 27900
23350 27975
23300 28050
23250 28050
23200 28050
23150 27975
23100 27975
23050 27900
23000 27825
22950 27750
22900 27675
22850 27600
22800 27525
22750 27450
22750 27375
22700 27300
22650 27225
22650 27150
22600 27075
22600 27000
22550 26925
22550 26850
22550 26775
22550 26700
22500 26625
22500 26550
22500 26475
22450 25425
22500 25350
22550 25350
22600 25350
22650 25350
22700 25350
22750 25425
22750 25500
22750 25575
22700 25650
22650 25725
22650 25800
22600 25875
22550 25950
22500 25950
22450 26025
22400 26025
22350 26025
22300 26100
22300 26175
22250 26250
22200 26325
22150 26250
22100 26175
22100 26100
22100 26025
22100 25950
22100 25875
22100 25800
22100 25725
22150 25650
22200 25575
22250 25500
22300 25500
22350 25500
22400 25425
9250 24225
9300 24300
9300 24225
23700 20400
23650 20475
23600 20475
23550 20550
23500 20625
23450 20625
23400 20700
23350 20775
23300 20850
23250 20925
23200 21000
23200 21075
23200 21150
23200 21225
23200 21300
23200 21375
23200 21450
23150 21525
23150 21600
23150 21675
23100 21750
23050 21825
23050 21900
23000 21975
23000 22050
22950 22125
22950 22200
22950 22275
23000 22275
23050 22200
23100 22200
23150 22125
23200 22050
23250 21975
23300 21900
23350 21825
23350 21750
23400 21675
23400 21600
23400 21525
23400 21450
23450 21375
23450 21300
23450 21225
23500 21150
23500 21075
23550 21000
23600 20925
23600 20850
23650 20775
23650 20700
23700 20625
23700 20550
23700 20475
27850 20250
27900 20175
27950 20175
28000 20250
28050 20325
28000 20400
27950 20400
27900 20325
27900 19350
27950 19275
28000 19275
28050 19350
28050 19425
28050 19500
28000 19575
28000 19650
27950 19725
27900 19725
27850 19800
27800 19875
27750 19875
27700 19875
27650 19875
27600 19800
27600 19725
27650 19650
27700 19650
27750 19575
27800 19500
27850 19500
27900 19425
27900 18975
27950 18900
28000 18900
28050 18975
28050 19050
28050 19125
28000 19200
27950 19200
27900 19125
27900 19050
25850 18750
25800 18825
25800 18900
25800 18975
25800 19050
25800 19125
25800 19200
25800 19275
25800 19350
25850 19425
25850 19500
25900 19500
25900 19425
25950 19350
26000 19275
26000 19200
26000 19125
26000 19050
26000 18975
25950 18900
25900 18825
10600 18300
10550 18375
10500 18450
10450 18450
10400 18525
10350 18525
10300 18525
10250 18600
10200 18675
10200 18750
10250 18825
10250 18900
10300 18975
10300 19050
10350 19125
10400 19200
10450 19275
10450 19350
10500 19425
10550 19425
10600 19500
10650 19425
10700 19425
10750 19350
10800 19275
10850 19275
10900 19200
10950 19125
11000 19050
11050 18975
11000 18975
10950 18975
10900 18975
10850 18975
10800 18975
10750 18900
10700 18825
10700 18750
10700 18675
10750 18600
10750 18525
10750 18450
10750 18375
10700 18300
10650 18300
25800 17100
25800 17175
25850 17175
10400 16425
10350 16500
10300 16575
10250 16650
10250 16725
10250 16800
10250 16875
10250 16950
10250 17025
10250 17100
10250 17175
10250 17250
10300 17250
10350 17250
10400 17250
10450 17250
10500 17325
10550 17325
10600 17325
10650 17325
10700 17325
10750 17400
10750 17475
10750 17550
10800 17625
10800 17700
10850 17775
10850 17850
10900 17925
10900 18000
10950 18075
11000 18150
11050 18225
11100 18300
11150 18300
11200 18375
11250 18300
11200 18225
11150 18150
11100 18075
11050 18000
11000 17925
10950 17850
10900 17775
10850 17700
10850 17625
10850 17550
10850 17475
10850 17400
10850 17325
10850 17250
10900 17175
10950 17100
10950 17025
10950 16950
10900 16875
10900 16800
10850 16725
10850 16650
10800 16575
10750 16500
10700 16500
10650 16425
10600 16425
10550 16425
10500 16425
10450 16425
23250 15375
23200 15450
23150 15450
23100 15525
23050 15525
23000 15600
22950 15600
22900 15675
22850 15675
22800 15675
22750 15675
22700 15675
22650 15675
22600 15750
22600 15825
22600 15900
22550 15975
22550 16050
22550 16125
22550 16200
22500 16275
22500 16350
22500 16425
22500 16500
22550 16575
22550 16650
22600 16725
22600 16800
22650 16875
22650 16950
22650 17025
22650 17100
22700 17175
22700 17250
22700 17325
22700 17400
22700 17475
22700 17550
22700 17625
22700 17700
22700 17775
22750 17850
22750 17925
22750 18000
22750 18075
22800 18150
22800 18225
22800 18300
22850 18375
22850 18300
22850 18225
22850 18150
22850 18075
22850 18000
22800 17925
22800 17850
22800 17775
22800 17700
22800 17625
22800 17550
22800 17475
22800 17400
22750 17325
22750 17250
22750 17175
22800 17100
22800 17025
22850 16950
22850 16875
22900 16800
22950 16725
23000 16650
23000 16575
23050 16500
23100 16425
23100 16350
23150 16275
23150 16200
23200 16125
23200 16050
23250 15975
23250 15900
23250 15825
23300 15750
23300 15675
23300 15600
23300 15525
23300 15450
26150 15300
26200 15225
26250 15225
26300 15300
26350 15375
26350 15450
26400 15525
26400 15600
26450 15675
26450 15750
26450 15825
26500 15900
26500 15975
26550 16050
26550 16125
26600 16200
26600 16275
26650 16350
26650 16425
26700 16500
26700 16575
26750 16650
26750 16725
26800 16800
26800 16875
26850 16950
26850 17025
26850 17100
26900 17175
26900 17250
26850 17325
26800 17400
26750 17400
26700 17400
26650 17400
26600 17400
26550 17400
26500 17325
26450 17250
26450 17175
26400 17100
26350 17025
26350 16950
26350 16875
26300 16800
26300 16725
26300 16650
26250 16575
26250 16500
26200 16425
26200 16350
26200 16275
26200 16200
26200 16125
26200 16050
26200 15975
26200 15900
26200 15825
26200 15750
26200 15675
26200 15600
26150 15525
26150 15450
26150 15375
24750 14700
24800 14775
24850 14850
24900 14850
24950 14925
25000 14925
25050 14925
25100 15000
25150 14925
25100 14850
25050 14850
25000 14775
24950 14775
24900 14775
24850 14700
24800 14700
22450 13800
22450 13875
22450 13950
22450 14025
22450 14100
22450 14175
22450 14250
22450 14325
22450 14400
22500 14325
22500 14250
22550 14175
22550 14100
22600 14025
22600 13950
22600 13875
22550 13800
22500 13800
16050 13200
16100 13125
16150 13125
16200 13200
16150 13275
16150 13350
16100 13425
16100 13500
16050 13575
16050 13650
16000 13725
16000 13800
15950 13875
15900 13950
15900 14025
15850 14100
15850 14175
15800 14250
15800 14325
15800 14400
15850 14400
15900 14325
15950 14250
16000 14250
16050 14175
16100 14100
16150 14025
16200 13950
16250 13875
16300 13800
16350 13725
16400 13650
16450 13650
16500 13575
16550 13500
16600 13425
16650 13500
16650 13575
16600 13650
16550 13725
16550 13800
16500 13875
16450 13950
16400 14025
16350 14100
16300 14175
16300 14250
16250 14325
16200 14400
16150 14475
16150 14550
16100 14625
16050 14700
16100 14775
16150 14700
16200 14700
16250 14700
16300 14625
16350 14625
16400 14550
16450 14550
16500 14475
16550 14475
16600 14400
16650 14325
16700 14250
16750 14250
16800 14250
16850 14250
16900 14325
16850 14400
16800 14475
16750 14550
16700 14625
16650 14625
16600 14700
16550 14775
16500 14775
16450 14850
16400 14925
16350 15000
16300 15000
16250 15075
16200 15150
16150 15225
16150 15300
16200 15375
16250 15375
16300 15375
16350 15375
16400 15375
16450 15375
16500 15375
16550 15375
16600 15375
16650 15375
16700 15375
16750 15375
16800 15375
16850 15450
16800 15525
16750 15600
16700 15600
16650 15600
16600 15675
16550 15675
16500 15675
16450 15675
16400 15750
16350 15750
16300 15750
16250 15750
16200 15750
16150 15825
16100 15825
16050 15825
16000 15825
15950 15900
15900 15900
15850 15900
15800 15975
15750 15975
15700 16050
15650 16050
15600 16125
15550 16200
15500 16200
15450 16275
15400 16275
15350 16275
15300 16275
15250 16200
15200 16200
15150 16125
15100 16125
15050 16050
15000 16050
14950 16050
14900 16050
14850 15975
14800 15975
14750 15975
14700 15975
14650 15975
14600 16050
14550 15975
14550 15900
14550 15825
14550 15750
14550 15675
14550 15600
14550 15525
14600 15450
14600 15375
14600 15300
14600 15225
14600 15150
14650 15075
14650 15000
14650 14925
14650 14850
14650 14775
14700 14700
14700 14625
14700 14550
14700 14475
14750 14400
14800 14325
14800 14250
14800 14175
14800 14100
14800 14025
14800 13950
14850 13875
14850 13800
14850 13725
14900 13650
14950 13575
15000 13650
15050 13725
15050 13800
15050 13875
15050 13950
15050 14025
15050 14100
15050 14175
15050 14250
15050 14325
15050 14400
15050 14475
15100 14550
15100 14625
15100 14700
15150 14700
15200 14700
15250 14700
15300 14625
15350 14550
15400 14550
15400 14475
15450 14400
15500 14325
15550 14250
15600 14175
15600 14100
15650 14025
15650 13950
15700 13875
15700 13800
15750 13725
15800 13650
15800 13575
15850 13500
15900 13425
15950 13350
16000 13275
23550 12525
23500 12600
23450 12600
23400 12600
23350 12675
23300 12675
23250 12750
23200 12750
23150 12825
23100 12900
23100 12975
23050 13050
23050 13125
23050 13200
23050 13275
23000 13350
23000 13425
23000 13500
23000 13575
23000 13650
23000 13725
23000 13800
23050 13875
23100 13875
23150 13875
23200 13950
23250 13950
23300 14025
23350 14100
23400 14175
23400 14250
23450 14325
23500 14400
23500 14475
23550 14550
23600 14625
23600 14700
23650 14775
23650 14850
23650 14925
23650 15000
23650 15075
23650 15150
23650 15225
23650 15300
23650 15375
23650 15450
23600 15525
23600 15600
23600 15675
23600 15750
23600 15825
23550 15900
23550 15975
23550 16050
23500 16125
23500 16200
23500 16275
23550 16350
23600 16425
23650 16500
23700 16500
23750 16575
23800 16575
23850 16575
23900 16575
23950 16650
24000 16650
24050 16725
24050 16800
24000 16875
23950 16875
23900 16875
23850 16875
23800 16950
23750 16950
23700 17025
23650 17025
23600 17025
23550 17100
23500 17100
23450 17100
23400 17100
23350 17100
23300 17100
23300 17175
23350 17175
23400 17175
23450 17175
23500 17175
23550 17250
23600 17250
23650 17250
23700 17325
23750 17325
23800 17325
23850 17400
23900 17400
23950 17400
24000 17475
24050 17475
24100 17475
24150 17550
24200 17550
24250 17625
24300 17625
24350 17700
24400 17775
24350 17850
24350 17925
24300 18000
24250 18075
24200 18150
24150 18225
24100 18300
24050 18375
24000 18450
23950 18525
23900 18600
23850 18600
23800 18675
23750 18675
23700 18675
23650 18750
23600 18750
23550 18750
23500 18750
23450 18750
23400 18750
23350 18750
23300 18750
23250 18750
23200 18750
23150 18750
23100 18675
23050 18675
23000 18600
22950 18600
22900 18600
22900 18675
22900 18750
22900 18825
22950 18900
22950 18975
23000 19050
23000 19125
23050 19200
23100 19275
23150 19350
23200 19425
23250 19425
23300 19500
23350 19500
23400 19575
23450 19575
23500 19575
23550 19575
23600 19575
23650 19650
23700 19650
23750 19575
23800 19575
23850 19575
23900 19575
23950 19500
24000 19500
24050 19500
24100 19425
24150 19425
24200 19425
24250 19350
24300 19350
24350 19275
24400 19275
24450 19200
24500 19125
24550 19125
24600 19050
24600 18975
24650 18900
24650 18825
24650 18750
24700 18675
24700 18600
24700 18525
24750 18450
24750 18375
24750 18300
24750 18225
24750 18150
24750 18075
24750 18000
24750 17925
24750 17850
24750 17775
24750 17700
24750 17625
24750 17550
24750 17475
24750 17400
24800 17325
24800 17250
24800 17175
24800 17100
24800 17025
24800 16950
24850 16875
24850 16800
24850 16725
24850 16650
24850 16575
24900 16500
24900 16425
24900 16350
24900 16275
24900 16200
24900 16125
24900 16050
24900 15975
24850 15900
24850 15825
24800 15825
24750 15825
24700 15825
24650 15825
24600 15825
24550 15750
24500 15750
24450 15750
24400 15675
24350 15675
24300 15600
24250 15525
24200 15450
24200 15375
24150 15300
24150 15225
24150 15150
24150 15075
24200 15000
24200 14925
24200 14850
24250 14775
24250 14700
24250 14625
24250 14550
24250 14475
24300 14400
24350 14325
24400 14325
24450 14325
24500 14250
24550 14250
24600 14250
24650 14250
24700 14250
24750 14250
24800 14325
24850 14325
24900 14325
24950 14325
25000 14325
25050 14400
25100 14400
25150 14400
25200 14400
25250 14400
25250 14325
25250 14250
25250 14175
25250 14100
25250 14025
25250 13950
25250 13875
25250 13800
25250 13725
25250 13650
25250 13575
25250 13500
25200 13425
25200 13350
25200 13275
25200 13200
25150 13125
25150 13050
25100 12975
25050 12900
25000 12825
24950 12825
24900 12750
24850 12750
24800 12750
24750 12750
24700 12675
24650 12675
24600 12675
24550 12675
24500 12675
24450 12675
24400 12675
24350 12675
24300 12675
24250 12675
24200 12675
24150 12675
24100 12675
24050 12675
24000 12600
23950 12600
23900 12525
23850 12525
23800 12525
23750 12525
23700 12525
23650 12525
23600 12525
2350 4275
2400 4200
2450 4200
2500 4200
2550 4200
2600 4200
2650 4200
2700 4200
2750 4200
2800 4275
2800 4350
2750 4425
2750 4500
2750 4575
2750 4650
2750 4725
2750 4800
2750 4875
2750 4950
2700 5025
2650 5100
2600 5100
2550 5100
2500 5100
2450 5175
2450 5250
2450 5325
2450 5400
2400 5475
2350 5400
2350 5325
2350 5250
2350 5175
2350 5100
2350 5025
2350 4950
2350 4875
2350 4800
2350 4725
2350 4650
2350 4575
2350 4500
2350 4425
2350 4350
0 0
0 75
0 150
0 225
0 300
0 375
0 450
0 525
0 600
0 675
0 750
0 825
0 900
0 975
0 1050
0 1125
0 1200
0 1275
0 1350
0 1425
0 1500
0 1575
0 1650
0 1725
0 1800
0 1875
0 1950
0 2025
0 2100
0 2175
0 2250
0 2325
0 2400
0 2475
0 2550
0 2625
0 2700
0 2775
0 2850
0 2925
0 3000
0 3075
0 3150
0 3225
0 3300
0 3375
0 3450
0 3525
0 3600
0 3675
0 3750
0 3825
0 3900
0 3975
0 4050
0 4125
0 4200
0 4275
0 4350
0 4425
0 4500
0 4575
0 4650
0 4725
0 4800
0 4875
0 4950
0 5025
0 5100
0 5175
0 5250
0 5325
0 5400
0 5475
0 5550
0 5625
0 5700
0 5775
0 5850
0 5925
0 6000
0 6075
0 6150
0 6225
0 6300
0 6375
0 6450
0 6525
0 6600
0 6675
0 6750
0 6825
0 6900
0 6975
0 7050
0 7125
0 7200
0 7275
0 7350
0 7425
0 7500
0 7575
0 7650
0 7725
0 7800
0 7875
0 7950
0 8025
0 8100
0 8175
0 8250
0 8325
0 8400
0 8475
0 8550
0 8625
0 8700
0 8775
0 8850
0 8925
0 9000
0 9075
0 9150
0 9225
0 9300
0 9375
0 9450
0 9525
0 9600
0 9675
0 9750
0 9825
0 9900
0 9975
0 10050
0 10125
0 10200
0 10275
0 10350
0 10425
0 10500
0 10575
0 10650
0 10725
0 10800
0 10875
0 10950
0 11025
0 11100
0 11175
0 11250
0 11325
0 11400
0 11475
0 11550
0 11625
0 11700
0 11775
0 11850
0 11925
0 12000
0 12075
0 12150
0 12225
0 12300
0 12375
0 12450
0 12525
0 12600
0 12675
0 12750
0 12825
0 12900
0 12975
0 13050
0 13125
0 13200
0 13275
0 13350
0 13425
0 13500
0 13575
0 13650
0 13725
0 13800
0 13875
0 13950
0 14025
0 14100
0 14175
0 14250
0 14325
0 14400
0 14475
0 14550
0 14625
0 14700
0 14775
0 14850
0 14925
0 15000
0 15075
0 15150
0 15225
0 15300
0 15375
0 15450
0 15525
0 15600
0 15675
0 15750
0 15825
0 15900
0 15975
0 16050
0 16125
0 16200
0 16275
0 16350
0 16425
0 16500
0 16575
0 16650
0 16725
0 16800
0 16875
0 16950
0 17025
0 17100
0 17175
0 17250
0 17325
0 17400
0 17475
0 17550
0 17625
0 17700
0 17775
0 17850
0 17925
0 18000
0 18075
0 18150
0 18225
0 18300
0 18375
0 18450
0 18525
0 18600
0 18675
0 18750
0 18825
0 18900
0 18975
0 19050
0 19125
0 19200
0 19275
0 19350
0 19425
0 19500
0 19575
0 19650
0 19725
0 19800
0 19875
0 19950
0 20025
0 20100
0 20175
0 20250
0 20325
0 20400
0 20475
0 20550
0 20625
0 20700
0 20775
0 20850
0 20925
0 21000
0 21075
0 21150
0 21225
0 21300
0 21375
0 21450
0 21525
0 21600
0 21675
0 21750
0 21825
0 21900
0 21975
0 22050
0 22125
0 22200
0 22275
0 22350
0 22425
0 22500
0 22575
0 22650
0 22725
0 22800
0 22875
0 22950
0 23025
0 23100
0 23175
0 23250
0 23325
0 23400
0 23475
0 23550
0 23625
0 23700
0 23775
0 23850
0 23925
0 24000
0 24075
0 24150
0 24225
0 24300
0 24375
0 24450
0 24525
0 24600
0 24675
0 24750
0 24825
0 24900
0 24975
0 25050
0 25125
0 25200
0 25275
0 25350
0 25425
0 25500
0 25575
0 25650
0 25725
0 25800
0 25875
0 25950
0 26025
0 26100
0 26175
0 26250
0 26325
0 26400
0 26475
0 26550
0 26625
0 26700
0 26775
0 26850
0 26925
0 27000
0 27075
0 27150
0 27225
0 27300
0 27375
0 27450
0 27525
0 27600
0 27675
0 27750
0 27825
0 27900
0 27975
0 28050
0 28125
0 28200
0 28275
0 28350
0 28425
0 28500
0 28575
0 28650
0 28725
0 28800
0 28875
0 28950
0 29025
0 29100
0 29175
0 29250
0 29325
0 29400
0 29475
0 29550
0 29625
0 29700
0 29775
0 29850
0 29925
0 30000
0 30075
0 30150
0 30225
0 30300
0 30375
0 30450
0 30525
0 30600
0 30675
0 30750
0 30825
0 30900
0 30975
0 31050
0 31125
0 31200
0 31275
0 31350
0 31425
0 31500
0 31575
0 31650
0 31725
0 31800
0 31875
0 31950
0 32025
0 32100
0 32175
0 32250
0 32325
0 32400
0 32475
0 32550
0 32625
0 32700
0 32775
0 32850
0 32925
0 33000
0 33075
0 33150
0 33225
0 33300
0 33375
0 33450
0 33525
0 33600
0 33675
0 33750
0 33825
0 33900
0 33975
0 34050
0 34125
0 34200
0 34275
0 34350
0 34425
0 34500
0 34575
0 34650
0 34725
0 34800
0 34875
0 34950
0 35025
0 35100
0 35175
0 35250
0 35325
0 35400
0 35475
0 35550
0 35625
0 35700
0 35775
0 35850
0 35925
50 35925
100 35925
150 35925
200 35925
250 35925
300 35925
350 35925
400 35925
450 35925
500 35925
550 35925
600 35925
650 35925
700 35925
750 35925
800 35925
850 35925
900 35925
950 35925
1000 35925
1050 35925
1100 35925
1150 35925
1200 35925
1250 35925
1300 35925
1350 35925
1400 35925
1450 35925
1500 35925
1550 35925
1600 35925
1650 35925
1700 35925
1750 35925
1800 35925
1850 35925
1900 35925
1950 35925
2000 35925
2050 35925
2100 35925
2150 35925
2200 35925
2250 35925
2300 35925
2350 35925
2350 35850
2350 35775
2350 35700
2350 35625
2350 35550
2350 35475
2350 35400
2350 35325
2350 35250
2350 35175
2350 35100
2350 35025
2350 34950
2350 34875
2350 34800
2350 34725
2350 34650
2350 34575
2350 34500
2350 34425
2350 34350
2350 34275
2350 34200
2350 34125
2350 34050
2350 33975
2350 33900
2350 33825
2350 33750
2350 33675
2350 33600
2350 33525
2350 33450
2350 33375
2350 33300
2350 33225
2350 33150
2350 33075
2350 33000
2350 32925
2350 32850
2350 32775
2350 32700
2350 32625
2350 32550
2350 32475
2350 32400
2350 32325
2350 32250
2350 32175
2350 32100
2350 32025
2350 31950
2350 31875
2350 31800
2350 31725
2350 31650
2350 31575
2350 31500
2350 31425
2350 31350
2350 31275
2350 31200
2350 31125
2350 31050
2350 30975
2350 30900
2350 30825
2400 30750
2450 30750
2500 30750
2550 30750
2600 30750
2650 30750
2700 30825
2750 30900
2750 30975
2750 31050
2800 31050
2850 31125
2900 31200
2950 31275
3000 31350
3000 31425
3050 31500
3050 31575
3050 31650
3100 31650
3150 31650
3200 31725
3250 31725
3300 31800
3300 31875
3300 31950
3300 32025
3300 32100
3300 32175
3300 32250
3300 32325
3300 32400
3250 32475
3200 32550
3200 32625
3200 32700
3200 32775
3200 32850
3200 32925
3200 33000
3200 33075
3250 33150
3300 33150
3350 33225
3400 33300
3450 33375
3450 33450
3450 33525
3450 33600
3500 33600
3550 33675
3600 33750
3600 33825
3600 33900
3600 33975
3650 34050
3700 34050
3750 34050
3800 34125
3850 34200
3850 34275
3850 34350
3900 34425
3950 34500
4000 34500
4050 34500
4100 34575
4150 34650
4200 34725
4250 34800
4250 34875
4250 34950
4300 35025
4350 35025
4400 35025
4450 35025
4500 35025
4550 35025
4600 35100
4600 35175
4600 35250
4600 35325
4600 35400
4600 35475
4600 35550
4600 35625
4600 35700
4600 35775
4600 35850
4600 35925
4650 35925
4700 35925
4750 35925
4800 35925
4850 35925
4900 35925
4950 35925
5000 35925
5050 35925
5100 35925
5150 35925
5200 35925
5250 35925
5300 35925
5350 35925
5400 35925
5450 35925
5500 35925
5550 35925
5600 35925
5650 35925
5700 35925
5750 35925
5800 35925
5850 35925
5900 35925
5950 35925
6000 35925
6050 35925
6100 35925
6150 35925
6200 35925
6250 35925
6300 35925
6350 35925
6400 35925
6450 35925
6500 35925
6550 35925
6600 35925
6650 35925
6700 35925
6750 35925
6800 35925
6850 35925
6900 35925
6950 35925
7000 35925
7050 35925
7100 35925
7150 35925
7200 35925
7250 35925
7300 35925
7350 35925
7400 35925
7450 35925
7500 35925
7550 35925
7600 35925
7650 35925
7700 35925
7750 35925
7800 35925
7850 35925
7900 35925
7950 35925
8000 35925
8050 35925
8100 35925
8150 35925
8200 35925
8250 35925
8300 35925
8350 35925
8400 35925
8450 35925
8500 35925
8550 35925
8600 35925
8650 35925
8700 35925
8750 35925
8800 35925
8850 35925
8900 35925
8950 35925
9000 35925
9050 35925
9100 35925
9150 35925
9200 35925
9250 35925
9300 35925
9350 35925
9400 35925
9450 35925
9500 35925
9550 35925
9600 35925
9650 35925
9700 35925
9750 35925
9800 35925
9850 35925
9900 35925
9900 35850
9900 35775
9850 35700
9850 35625
9850 35550
9800 35475
9800 35400
9800 35325
9800 35250
9800 35175
9800 35100
9800 35025
9800 34950
9800 34875
9800 34800
9800 34725
9800 34650
9800 34575
9800 34500
9800 34425
9800 34350
9800 34275
9800 34200
9800 34125
9800 34050
9800 33975
9800 33900
9800 33825
9800 33750
9800 33675
9800 33600
9850 33525
9850 33450
9850 33375
9850 33300
9850 33225
9850 33150
9850 33075
9850 33000
9850 32925
9850 32850
9850 32775
9900 32700
9900 32625
9900 32550
9850 32475
9850 32400
9800 32325
9750 32250
9700 32175
9650 32100
9600 32025
9550 31950
9500 31875
9450 31800
9400 31725
9350 31650
9300 31575
9300 31500
9250 31425
9200 31350
9200 31275
9150 31200
9150 31125
9100 31050
9100 30975
9100 30900
9050 30825
9050 30750
9000 30675
9000 30600
8950 30525
8950 30450
8900 30375
8900 30300
8850 30225
8850 30150
8800 30075
8750 30000
8700 29925
8650 29850
8600 29850
8550 29850
8500 29775
8450 29775
8400 29775
8350 29775
8300 29700
8250 29700
8200 29700
8150 29700
8100 29625
8050 29625
8000 29550
7950 29475
7900 29400
7850 29325
7800 29250
7750 29175
7700 29100
7650 29025
7650 28950
7600 28875
7550 28800
7500 28800
7450 28725
7400 28650
7350 28575
7350 28500
7300 28425
7300 28350
7300 28275
7300 28200
7250 28125
7250 28050
7250 27975
7250 27900
7200 27825
7200 27750
7200 27675
7200 27600
7200 27525
7200 27450
7150 27375
7150 27300
7150 27225
7150 27150
7150 27075
7150 27000
7150 26925
7150 26850
7100 26775
7100 26700
7100 26625
7100 26550
7100 26475
7100 26400
7100 26325
7100 26250
7100 26175
7100 26100
7100 26025
7100 25950
7100 25875
7100 25800
7100 25725
7100 25650
7100 25575
7100 25500
7100 25425
7100 25350
7100 25275
7100 25200
7100 25125
7100 25050
7100 24975
7100 24900
7100 24825
7100 24750
7100 24675
7100 24600
7100 24525
7100 24450
7100 24375
7100 24300
7100 24225
7100 24150
7150 24075
7150 24000
7150 23925
7150 23850
7150 23775
7150 23700
7150 23625
7150 23550
7150 23475
7150 23400
7150 23325
7150 23250
7150 23175
7150 23100
7150 23025
7150 22950
7150 22875
7150 22800
7150 22725
7150 22650
7150 22575
7150 22500
7150 22425
7150 22350
7150 22275
7150 22200
7150 22125
7150 22050
7150 21975
7150 21900
7200 21825
7200 21750
7200 21675
7200 21600
7200 21525
7200 21450
7200 21375
7200 21300
7200 21225
7200 21150
7200 21075
7200 21000
7200 20925
7200 20850
7200 20775
7200 20700
7200 20625
7200 20550
7200 20475
7200 20400
7200 20325
7200 20250
7250 20175
7250 20100
7250 20025
7250 19950
7250 19875
7250 19800
7250 19725
7250 19650
7250 19575
7250 19500
7300 19425
7300 19350
7300 19275
7300 19200
7300 19125
7350 19050
7350 18975
7350 18900
7400 18825
7400 18750
7450 18675
7450 18600
7500 18525
7550 18450
7600 18375
7650 18300
7700 18225
7750 18150
7800 18075
7850 18000
7900 17925
7950 17850
8000 17775
8050 17775
8100 17700
8150 17625
8150 17550
8150 17475
8150 17400
8150 17325
8150 17250
8200 17175
8200 17100
8200 17025
8200 16950
8250 16875
8250 16800
8250 16725
8300 16650
8300 16575
8300 16500
8350 16425
8350 16350
8400 16275
8400 16200
8450 16125
8500 16050
8550 15975
8600 15900
8650 15825
8700 15750
8750 15675
8800 15675
8850 15600
8900 15600
8950 15525
9000 15525
9050 15525
9100 15525
9150 15450
9200 15450
9250 15450
9300 15450
9350 15450
9400 15375
9450 15375
9500 15375
9550 15375
9600 15375
9650 15375
9700 15375
9750 15375
9800 15300
9850 15300
9900 15300
9950 15300
10000 15300
10050 15300
10100 15300
10150 15300
10200 15300
10250 15300
10300 15300
10350 15300
10400 15300
10450 15300
10500 15300
10550 15375
10600 15375
10650 15375
10700 15375
10750 15375
10800 15375
10850 15450
10900 15450
10950 15525
11000 15600
11050 15675
11100 15750
11150 15825
11150 15900
11200 15975
11250 16050
11250 16125
11300 16200
11300 16275
11350 16350
11350 16425
11350 16500
11400 16575
11400 16650
11400 16725
11400 16800
11450 16875
11450 16950
11450 17025
11450 17100
11450 17175
11450 17250
11450 17325
11450 17400
11450 17475
11450 17550
11450 17625
11450 17700
11450 17775
11450 17850
11450 17925
11450 18000
11450 18075
11450 18150
11400 18225
11400 18300
11400 18375
11400 18450
11350 18525
11350 18600
11350 18675
11350 18750
11350 18825
11350 18900
11350 18975
11350 19050
11400 19125
11400 19200
11400 19275
11400 19350
11400 19425
11400 19500
11400 19575
11400 19650
11400 19725
11400 19800
11400 19875
11350 19950
11300 20025
11250 20025
11200 20025
11150 20025
11100 20025
11050 20025
11000 20025
10950 20025
10900 20100
10900 20175
10950 20250
11000 20250
11050 20250
11100 20250
11150 20250
11200 20250
11250 20175
11300 20175
11350 20175
11400 20250
11350 20325
11350 20400
11300 20475
11250 20550
11200 20625
11150 20700
11100 20775
11050 20775
11000 20850
10950 20850
10900 20925
10850 20925
10800 21000
10750 21000
10700 21075
10650 21075
10600 21075
10550 21150
10500 21150
10450 21225
10400 21225
10350 21225
10300 21300
10250 21300
10250 21375
10250 21450
10250 21525
10250 21600
10200 21675
10200 21750
10200 21825
10200 21900
10200 21975
10200 22050
10200 22125
10200 22200
10150 22275
10150 22350
10150 22425
10150 22500
10150 22575
10150 22650
10150 22725
10150 22800
10150 22875
10100 22950
10100 23025
10100 23100
10100 23175
10100 23250
10100 23325
10050 23400
10000 23400
9950 23325
9950 23250
9950 23175
9950 23100
9950 23025
9950 22950
9950 22875
9950 22800
9950 22725
9900 22800
9900 22875
9900 22950
9850 23025
9850 23100
9850 23175
9850 23250
9850 23325
9850 23400
9850 23475
9900 23550
9900 23625
9850 23700
9850 23775
9850 23850
9800 23925
9800 24000
9750 24075
9750 24150
9700 24225
9700 24300
9650 24375
9650 24450
9600 24525
9600 24600
9600 24675
9600 24750
9600 24825
9600 24900
9650 24900
9700 24975
9750 24975
9800 25050
9850 25050
9900 25125
9950 25200
10000 25200
10050 25275
10100 25350
10150 25425
10200 25500
10250 25575
10300 25650
10350 25725
10400 25800
10400 25875
10450 25950
10450 26025
10450 26100
10400 26175
10350 26175
10300 26175
10250 26175
10200 26250
10150 26250
10100 26250
10050 26250
10000 26250
9950 26250
9900 26250
9850 26250
9800 26250
9750 26250
9700 26250
9650 26250
9700 26325
9750 26325
9800 26325
9850 26325
9900 26325
9950 26400
10000 26400
10050 26400
10100 26400
10150 26400
10200 26475
10250 26475
10300 26475
10350 26550
10400 26550
10450 26625
10500 26700
10500 26775
10450 26850
10400 26925
10350 26925
10300 27000
10250 27000
10200 27075
10150 27075
10100 27075
10050 27075
10000 27150
9950 27150
9900 27150
9850 27225
9800 27225
9750 27225
9700 27300
9650 27300
9600 27375
9600 27450
9550 27525
9500 27525
9450 27600
9400 27600
9350 27675
9300 27750
9250 27750
9200 27825
9150 27825
9100 27825
9050 27825
9000 27825
8950 27825
8900 27825
8900 27900
8950 27900
9000 27975
9050 27975
9100 28050
9150 28050
9200 28125
9250 28125
9300 28200
9350 28200
9400 28275
9450 28275
9500 28350
9550 28350
9600 28350
9650 28425
9700 28425
9750 28425
9800 28425
9850 28425
9900 28425
9950 28500
10000 28500
10050 28500
10100 28500
10150 28500
10200 28500
10250 28500
10300 28500
10350 28500
10400 28500
10450 28500
10500 28500
10550 28500
10600 28500
10650 28500
10700 28575
10750 28575
10800 28575
10850 28575
10900 28575
10950 28650
10950 28725
10900 28800
10900 28875
10850 28950
10800 29025
10750 29100
10750 29175
10700 29250
10650 29325
10600 29400
10550 29400
10500 29475
10450 29475
10400 29475
10350 29475
10300 29475
10250 29400
10200 29400
10150 29400
10100 29325
10050 29325
10000 29325
9950 29250
9900 29250
9850 29250
9800 29250
9750 29250
9700 29250
9650 29175
9600 29175
9550 29175
9550 29250
9550 29325
9550 29400
9600 29475
9600 29550
9650 29625
9700 29700
9700 29775
9750 29850
9750 29925
9800 30000
9850 30075
9850 30150
9900 30225
9950 30300
10000 30375
10000 30450
10050 30450
10100 30525
10150 30600
10200 30675
10250 30675
10300 30750
10350 30750
10400 30825
10450 30825
10500 30825
10550 30825
10600 30900
10650 30900
10700 30900
10750 30900
10800 30900
10850 30900
10900 30900
10950 30900
11000 30900
11050 30900
11100 30900
11150 30900
11200 30900
11250 30975
11300 30975
11350 30975
11400 30975
11450 30975
11500 30975
11550 30975
11600 30975
11650 30975
11700 30975
11750 30975
11800 31050
11850 31125
11800 31200
11750 31200
11700 31275
11650 31275
11600 31350
11550 31350
11500 31350
11450 31425
11400 31425
11350 31425
11300 31500
11250 31500
11200 31500
11150 31500
11100 31500
11050 31575
11000 31575
10950 31575
10950 31650
10950 31725
11000 31800
11000 31875
11000 31950
11050 32025
11050 32100
11050 32175
11100 32250
11100 32325
11100 32400
11150 32475
11150 32550
11200 32625
11200 32700
11250 32775
11250 32850
11300 32925
11300 33000
11350 33075
11350 33150
11400 33150
11450 33225
11500 33225
11550 33150
11550 33075
11550 33000
11550 32925
11550 32850
11550 32775
11600 32700
11650 32625
11650 32550
11700 32475
11700 32400
11750 32325
11800 32250
11800 32175
11850 32100
11850 32025
11900 31950
11950 31875
12000 31800
12000 31725
12050 31650
12100 31575
12150 31500
12200 31425
12250 31350
12300 31275
12350 31200
12400 31125
12450 31125
12500 31050
12550 31050
12600 30975
12650 31050
12700 31050
12750 31125
12750 31200
12800 31275
12800 31350
12850 31425
12850 31500
12900 31575
12900 31650
12950 31725
13000 31800
13050 31875
13100 31950
13150 32025
13200 32025
13250 32100
13300 32175
13350 32250
13400 32325
13450 32400
13450 32475
13500 32550
13550 32625
13550 32700
13600 32775
13600 32850
13600 32925
13600 33000
13650 33075
13650 33150
13700 33225
13750 33225
13800 33225
13850 33225
13900 33225
13950 33225
14000 33300
14050 33300
14100 33300
14150 33225
14200 33225
14250 33225
14300 33225
14350 33150
14350 33075
14400 33000
14400 32925
14450 32850
14500 32850
14550 32850
14600 32850
14650 32850
14700 32850
14750 32850
14800 32850
14850 32850
14900 32925
14900 33000
14950 32925
14950 32850
14950 32775
14950 32700
14950 32625
14950 32550
14950 32625
14900 32700
14850 32700
14800 32775
14750 32700
14700 32700
14650 32625
14600 32550
14550 32475
14500 32400
14450 32400
14400 32400
14350 32325
14350 32250
14400 32175
14450 32100
14500 32025
14450 31950
14400 31950
14350 31875
14300 31800
14300 31725
14300 31650
14300 31575
14250 31500
14250 31425
14250 31350
14200 31275
14200 31200
14200 31125
14150 31050
14150 30975
14100 30900
14050 30825
14050 30750
14000 30675
13950 30600
13950 30525
13900 30450
13900 30375
13900 30300
13900 30225
13900 30150
13950 30075
14000 30000
14050 30000
14100 30000
14150 30000
14200 30075
14250 30150
14300 30225
14350 30300
14400 30375
14400 30450
14450 30525
14500 30600
14500 30675
14550 30750
14600 30825
14650 30900
14700 30900
14750 30900
14800 30900
14850 30900
14900 30900
14950 30900
15000 30900
15050 30900
15100 30900
15150 30900
15200 30900
15250 30900
15300 30825
15350 30825
15400 30825
15450 30825
15500 30825
15550 30825
15600 30750
15650 30750
15700 30750
15750 30750
15800 30750
15850 30750
15900 30675
15950 30675
16000 30675
16050 30675
16100 30675
16150 30675
16200 30600
16250 30600
16300 30600
16350 30600
16400 30600
16450 30525
16500 30525
16550 30525
16600 30525
16650 30525
16700 30525
16750 30525
16800 30525
16850 30525
16900 30525
16950 30450
17000 30450
17050 30450
17100 30450
17150 30450
17200 30450
17250 30450
17300 30450
17350 30450
17400 30450
17450 30450
17500 30450
17550 30450
17600 30375
17650 30375
17700 30375
17750 30375
17800 30375
17850 30375
17850 30300
17850 30225
17850 30150
17900 30075
17900 30000
17900 29925
17900 29850
17900 29775
17900 29700
17900 29625
17900 29550
17900 29475
17950 29400
17950 29325
17950 29250
17950 29175
17950 29100
17950 29025
17950 28950
17950 28875
17950 28800
17950 28725
17950 28650
17950 28575
17950 28500
17950 28425
17950 28350
17950 28275
17950 28200
17950 28125
17950 28050
17950 27975
17950 27900
17950 27825
17950 27750
17950 27675
17950 27600
17950 27525
17950 27450
17950 27375
17950 27300
17950 27225
17950 27150
17950 27075
17950 27000
17950 26925
17950 26850
17950 26775
17950 26700
17950 26625
17950 26550
17950 26475
17950 26400
17950 26325
17950 26250
17950 26175
17950 26100
18000 26025
18050 25950
18050 25875
18100 25800
18100 25725
18100 25650
18100 25575
18100 25500
18100 25425
18150 25350
18150 25275
18150 25200
18150 25125
18150 25050
18150 24975
18200 24900
18200 24825
18200 24750
18200 24675
18200 24600
18250 24525
18250 24450
18250 24375
18250 24300
18250 24225
18250 24150
18250 24075
18200 24000
18200 23925
18150 23850
18150 23775
18150 23700
18150 23625
18150 23550
18150 23475
18200 23400
18200 23325
18200 23250
18250 23175
18250 23100
18300 23025
18350 22950
18350 22875
18400 22800
18450 22725
18450 22650
18500 22575
18500 22500
18500 22425
18550 22350
18550 22275
18600 22200
18650 22125
18700 22050
18700 21975
18750 21900
18800 21825
18850 21750
18900 21675
18950 21600
19000 21525
19050 21450
19100 21375
19150 21375
19200 21300
19250 21225
19300 21225
19350 21150
19400 21150
19450 21075
19500 21075
19550 21000
19600 21000
19650 21000
19700 21000
19750 20925
19800 20925
19850 20925
19900 20850
19950 20850
20000 20775
20050 20775
20100 20700
20150 20700
20200 20625
20250 20625
20300 20625
20350 20550
20400 20550
20450 20550
20500 20625
20550 20625
20600 20700
20650 20700
20700 20775
20750 20850
20800 20925
20850 21000
20900 21075
20950 21150
21000 21225
21000 21300
21050 21375
21100 21450
21150 21525
21150 21600
21200 21675
21250 21750
21250 21825
21300 21900
21350 21975
21350 22050
21400 22125
21400 22200
21450 22275
21500 22350
21500 22425
21550 22425
21600 22425
21650 22425
21700 22425
21750 22425
21800 22350
21850 22275
21900 22200
21900 22125
21900 22050
21900 21975
21850 21900
21850 21825
21800 21750
21800 21675
21800 21600
21750 21525
21750 21450
21750 21375
21750 21300
21750 21225
21750 21150
21750 21075
21750 21000
21750 20925
21750 20850
21750 20775
21750 20700
21750 20625
21750 20550
21700 20475
21700 20400
21700 20325
21700 20250
21700 20175
21700 20100
21700 20025
21650 19950
21650 19875
21650 19800
21600 19725
21600 19650
21600 19575
21550 19500
21550 19425
21500 19350
21450 19275
21400 19200
21400 19125
21350 19050
21350 18975
21350 18900
21350 18825
21350 18750
21350 18675
21350 18600
21350 18525
21350 18450
21350 18375
21350 18300
21350 18225
21350 18150
21350 18075
21300 18075
21300 18150
21300 18225
21250 18300
21250 18375
21250 18450
21250 18525
21250 18600
21200 18675
21150 18600
21100 18525
21100 18450
21100 18375
21100 18300
21100 18225
21150 18150
21150 18075
21150 18000
21200 17925
21200 17850
21250 17775
21250 17700
21300 17625
21300 17550
21300 17475
21300 17400
21350 17325
21300 17250
21300 17175
21300 17100
21250 17025
21200 17025
21150 16950
21100 16875
21100 16800
21100 16725
21150 16650
21200 16575
21250 16500
21300 16425
21350 16350
21400 16275
21400 16200
21450 16125
21450 16050
21500 15975
21500 15900
21550 15825
21550 15750
21550 15675
21600 15600
21600 15525
21600 15450
21600 15375
21600 15300
21650 15225
21650 15150
21700 15075
21700 15000
21750 14925
21750 14850
21800 14775
21800 14700
21800 14625
21850 14550
21850 14475
21850 14400
21850 14325
21850 14250
21850 14175
21850 14100
21850 14025
21850 13950
21850 13875
21850 13800
21900 13725
21900 13650
21900 13575
21950 13500
21950 13425
22000 13350
22000 13275
22050 13200
22100 13125
22100 13050
22150 12975
22150 12900
22200 12825
22250 12750
22250 12675
22300 12600
22350 12525
22400 12450
22400 12375
22450 12300
22500 12225
22550 12150
22600 12075
22650 12000
22700 11925
22750 11850
22800 11775
22850 11700
22900 11625
22950 11550
23000 11475
23050 11400
23100 11400
23150 11325
23200 11250
23250 11250
23300 11175
23350 11175
23400 11175
23450 11100
23500 11100
23550 11100
23600 11100
23650 11100
23700 11100
23750 11100
23800 11100
23850 11100
23900 11100
23950 11100
24000 11100
24050 11100
24100 11100
24150 11100
24200 11100
24250 11100
24300 11100
24350 11100
24400 11100
24450 11100
24500 11100
24550 11175
24600 11175
24650 11175
24700 11175
24750 11175
24800 11175
24850 11250
24900 11250
24950 11325
25000 11325
25050 11400
25100 11475
25150 11550
25200 11625
25250 11700
25300 11700
25350 11775
25400 11850
25450 11850
25500 11925
25550 12000
25600 12000
25650 12075
25700 12150
25750 12225
25800 12300
25850 12375
25900 12450
25900 12525
25950 12600
26000 12675
26000 12750
26050 12825
26050 12900
26050 12975
26100 13050
26100 13125
26100 13200
26150 13275
26150 13350
26150 13425
26150 13500
26150 13575
26150 13650
26150 13725
26150 13800
26150 13875
26150 13950
26150 14025
26150 14100
26150 14175
26150 14250
26150 14325
26150 14400
26150 14475
26100 14550
26050 14625
26000 14700
25950 14700
25900 14625
25850 14700
25800 14700
25800 14775
25750 14850
25700 14925
25700 15000
25650 15075
25600 15150
25600 15225
25550 15300
25550 15375
25500 15450
25500 15525
25500 15600
25550 15600
25600 15525
25650 15525
25700 15525
25750 15600
25800 15675
25800 15750
25800 15825
25850 15900
25850 15975
25850 16050
25850 16125
25850 16200
25900 16275
25900 16350
25900 16425
25900 16500
25950 16575
25950 16650
25950 16725
25950 16800
26000 16875
26000 16950
26000 17025
26050 17100
26050 17175
26100 17250
26100 17325
26100 17400
26150 17475
26200 17550
26200 17625
26200 17700
26200 17775
26200 17850
26200 17925
26250 18000
26250 18075
26250 18150
26250 18225
26250 18300
26250 18375
26250 18450
26250 18525
26250 18600
26250 18675
26250 18750
26250 18825
26250 18900
26250 18975
26250 19050
26250 19125
26250 19200
26250 19275
26250 19350
26250 19425
26250 19500
26250 19575
26250 19650
26300 19725
26350 19725
26400 19725
26450 19725
26500 19800
26550 19875
26600 19950
26650 20025
26700 20100
26700 20175
26750 20250
26750 20325
26700 20400
26650 20400
26600 20475
26550 20475
26550 20550
26550 20625
26550 20700
26550 20775
26550 20850
26550 20925
26550 21000
26550 21075
26550 21150
26550 21225
26500 21300
26450 21225
26400 21150
26350 21075
26350 21000
26300 20925
26250 20850
26250 20775
26200 20775
26150 20850
26100 20925
26050 21000
26050 21075
26050 21150
26050 21225
26050 21300
26050 21375
26050 21450
26050 21525
26050 21600
26050 21675
26050 21750
26050 21825
26100 21900
26100 21975
26100 22050
26100 22125
26150 22200
26150 22275
26150 22350
26150 22425
26200 22500
26200 22575
26200 22650
26200 22725
26200 22800
26200 22875
26250 22950
26250 23025
26250 23100
26250 23175
26250 23250
26200 23325
26200 23400
26150 23475
26100 23400
26100 23325
26100 23250
26100 23175
26050 23100
26050 23025
26050 22950
26000 22875
26000 22800
26000 22725
25950 22650
25950 22575
25950 22500
25900 22425
25900 22350
25850 22275
25850 22200
25850 22125
25800 22050
25800 21975
25750 21900
25750 21825
25700 21750
25650 21675
25600 21600
25550 21525
25550 21600
25550 21675
25550 21750
25550 21825
25550 21900
25550 21975
25550 22050
25550 22125
25550 22200
25550 22275
25550 22350
25600 22425
25600 22500
25600 22575
25600 22650
25600 22725
25600 22800
25550 22875
25500 22875
25450 22800
25400 22725
25400 22650
25350 22575
25350 22500
25350 22425
25300 22350
25300 22275
25300 22200
25250 22125
25200 22050
25150 21975
25100 21975
25050 21975
25000 22050
24950 22125
24900 22200
24850 22275
24800 22350
24750 22275
24700 22200
24650 22200
24600 22125
24550 22125
24500 22125
24450 22125
24450 22200
24400 22275
24400 22350
24400 22425
24350 22500
24350 22575
24300 22650
24300 22725
24250 22800
24200 22875
24200 22950
24150 23025
24100 23100
24100 23175
24050 23250
24000 23325
23950 23400
23900 23475
23900 23550
23850 23625
23800 23700
23800 23775
23750 23850
23750 23925
23800 24000
23800 24075
23750 24150
23700 24225
23650 24225
23600 24225
23550 24225
23500 24225
23450 24300
23400 24375
23350 24450
23300 24525
23250 24525
23200 24600
23150 24675
23100 24750
23050 24750
23000 24825
22950 24900
22900 24975
22850 25050
22850 25125
22850 25200
22800 25275
22750 25275
22700 25200
22650 25200
22600 25125
22600 25050
22550 24975
22600 24900
22600 24825
22650 24750
22650 24675
22700 24600
22750 24525
22800 24450
22850 24375
22900 24300
22950 24225
22950 24150
23000 24075
23050 24000
23100 23925
23100 23850
23150 23775
23150 23700
23200 23625
23250 23550
23250 23475
23300 23400
23350 23325
23400 23250
23450 23175
23500 23175
23550 23100
23600 23025
23600 22950
23650 22875
23650 22800
23700 22725
23700 22650
23750 22575
23750 22500
23800 22425
23800 22350
23850 22275
23850 22200
23900 22125
23900 22050
23950 21975
23950 21900
24000 21825
24000 21750
24050 21675
24050 21600
24100 21525
24150 21450
24200 21375
24250 21300
24300 21300
24350 21225
24350 21150
24400 21075
24400 21000
24450 20925
24450 20850
24450 20775
24500 20700
24550 20625
24600 20625
24600 20550
24650 20475
24700 20400
24700 20325
24750 20250
24750 20175
24800 20100
24800 20025
24800 19950
24850 19875
24850 19800
24800 19800
24750 19875
24700 19950
24650 20025
24600 20025
24550 20100
24550 20175
24500 20250
24450 20325
24450 20400
24450 20475
24400 20550
24400 20625
24350 20700
24350 20775
24300 20850
24250 20925
24200 21000
24150 21075
24150 21150
24100 21225
24050 21300
24000 21375
23950 21450
23900 21525
23850 21600
23800 21675
23750 21750
23700 21825
23700 21900
23650 21975
23600 22050
23550 22125
23550 22200
23500 22275
23500 22350
23450 22425
23400 22500
23400 22575
23350 22650
23350 22725
23300 22800
23250 22800
23200 22875
23150 22950
23100 23025
23050 23100
23000 23175
23000 23250
22950 23325
22900 23400
22900 23475
22850 23550
22850 23625
22800 23700
22750 23775
22700 23850
22650 23925
22600 23925
22550 23925
22500 23850
22450 23775
22400 23775
22350 23775
22300 23775
22250 23775
22200 23775
22150 23850
22100 23925
22050 24000
22000 24075
21950 24075
21900 24075
21850 24150
21800 24150
21750 24150
21700 24225
21650 24300
21650 24375
21600 24450
21550 24525
21500 24600
21450 24675
21400 24750
21350 24825
21300 24900
21250 24975
21200 25050
21150 25125
21100 25200
21050 25200
21000 25275
20950 25350
20900 25350
20850 25425
20800 25500
20750 25575
20750 25650
20700 25725
20650 25800
20600 25875
20550 25950
20500 26025
20450 26100
20400 26175
20400 26250
20350 26325
20350 26400
20300 26475
20300 26550
20250 26625
20250 26700
20250 26775
20250 26850
20250 26925
20250 27000
20300 27075
20300 27150
20350 27225
20400 27300
20400 27375
20450 27450
20500 27525
20550 27600
20600 27675
20650 27750
20700 27825
20750 27900
20800 27975
20850 28050
20900 28125
20950 28200
21000 28275
21050 28350
21100 28350
21150 28425
21200 28500
21250 28500
21300 28575
21350 28575
21400 28650
21450 28650
21500 28650
21550 28725
21600 28800
21600 28875
21600 28950
21600 29025
21600 29100
21600 29175
21600 29250
21600 29325
21600 29400
21550 29475
21550 29550
21550 29625
21550 29700
21550 29775
21500 29850
21500 29925
21550 29925
21600 29925
21650 29925
21700 29925
21750 29925
21800 29925
21850 29925
21900 29925
21950 29925
22000 30000
22000 30075
22000 30150
22000 30225
21950 30300
21950 30375
21950 30450
21950 30525
21900 30600
21900 30675
21900 30750
21900 30825
21900 30900
21900 30975
21900 31050
21900 31125
21850 31200
21850 31275
21850 31350
21850 31425
21850 31500
21850 31575
21850 31650
21850 31725
21850 31800
21850 31875
21850 31950
21850 32025
21850 32100
21850 32175
21850 32250
21850 32325
21850 32400
21850 32475
21850 32550
21850 32625
21800 32700
21800 32775
21800 32850
21800 32925
21800 33000
21800 33075
21800 33150
21800 33225
21800 33300
21800 33375
21800 33450
21800 33525
21800 33600
21800 33675
21800 33750
21800 33825
21800 33900
21800 33975
21800 34050
21800 34125
21800 34200
21800 34275
21800 34350
21800 34425
21750 34500
21750 34575
21750 34650
21750 34725
21750 34800
21750 34875
21750 34950
21750 35025
21750 35100
21750 35175
21750 35250
21700 35325
21700 35400
21700 35475
21700 35550
21700 35625
21700 35700
21700 35775
21650 35850
21650 35925
21700 35925
21750 35925
21800 35925
21850 35925
21900 35925
21950 35925
22000 35925
22050 35925
22100 35925
22150 35925
22200 35925
22250 35925
22250 35850
22250 35775
22250 35700
22250 35625
22300 35550
22300 35475
22300 35400
22300 35325
22300 35250
22300 35175
22300 35100
22300 35025
22350 34950
22350 34875
22350 34800
22350 34725
22350 34650
22350 34575
22350 34500
22350 34425
22350 34350
22350 34275
22350 34200
22350 34125
22350 34050
22400 33975
22400 33900
22400 33825
22400 33750
22400 33675
22400 33600
22400 33525
22450 33450
22450 33375
22500 33300
22550 33225
22600 33150
22650 33075
22700 33075
22750 33075
22800 33000
22850 32925
22850 32850
22900 32775
22900 32700
22900 32625
22950 32550
22950 32475
22950 32400
23000 32325
23000 32250
23000 32175
23050 32100
23050 32025
23100 31950
23100 31875
23100 31800
23150 31725
23150 31650
23150 31575
23200 31500
23200 31425
23200 31350
23250 31275
23250 31200
23250 31125
23250 31050
23300 30975
23300 30900
23300 30825
23300 30750
23350 30675
23350 30600
23350 30525
23350 30450
23350 30375
23400 30300
23400 30225
23400 30150
23400 30075
23400 30000
23450 29925
23450 29850
23500 29775
23500 29700
23550 29625
23600 29550
23600 29475
23600 29400
23600 29325
23600 29250
23600 29175
23650 29100
23700 29025
23700 28950
23700 28875
23700 28800
23700 28725
23750 28650
23800 28575
23850 28575
23900 28650
23900 28725
23900 28800
23900 28875
23900 28950
23900 29025
23900 29100
23900 29175
23850 29250
23850 29325
23850 29400
23850 29475
23850 29550
23850 29625
23800 29700
23800 29775
23800 29850
23800 29925
23800 30000
23750 30075
23750 30150
23750 30225
23750 30300
23750 30375
23700 30450
23700 30525
23700 30600
23700 30675
23700 30750
23650 30825
23650 30900
23650 30975
23650 31050
23650 31125
23600 31200
23600 31275
23600 31350
23600 31425
23550 31500
23550 31575
23550 31650
23550 31725
23550 31800
23500 31875
23500 31950
23500 32025
23500 32100
23500 32175
23450 32250
23450 32325
23450 32400
23450 32475
23400 32550
23400 32625
23400 32700
23400 32775
23400 32850
23350 32925
23350 33000
23350 33075
23350 33150
23350 33225
23300 33300
23300 33375
23300 33450
23300 33525
23300 33600
23300 33675
23250 33750
23250 33825
23250 33900
23250 33975
23250 34050
23200 34125
23200 34200
23200 34275
23200 34350
23200 34425
23200 34500
23150 34575
23150 34650
23150 34725
23150 34800
23150 34875
23100 34950
23100 35025
23100 35100
23100 35175
23100 35250
23100 35325
23050 35400
23050 35475
23050 35550
23050 35625
23050 35700
23000 35775
23000 35850
23000 35925
23050 35925
23100 35925
23150 35925
23200 35925
23250 35925
23300 35925
23350 35925
23400 35925
23450 35925
23500 35925
23550 35925
23600 35925
23650 35925
23700 35925
23750 35925
23800 35925
23850 35925
23900 35925
23950 35925
24000 35925
24050 35925
24100 35925
24150 35925
24200 35925
24250 35925
24300 35925
24350 35925
24400 35925
24450 35925
24500 35925
24550 35925
24600 35925
24650 35925
24700 35925
24750 35925
24800 35925
24850 35925
24900 35925
24950 35925
25000 35925
25050 35925
25100 35925
25150 35925
25200 35925
25250 35925
25300 35925
25350 35925
25400 35925
25450 35925
25500 35925
25550 35925
25600 35925
25650 35925
25700 35925
25750 35925
25800 35925
25850 35925
25900 35925
25950 35925
26000 35925
26050 35925
26100 35925
26150 35925
26200 35925
26250 35925
26300 35925
26350 35925
26400 35925
26450 35925
26500 35925
26550 35925
26600 35925
26650 35925
26700 35925
26750 35925
26800 35925
26850 35925
26900 35925
26950 35925
27000 35925
27050 35925
27100 35925
27150 35925
27200 35925
27250 35925
27300 35925
27350 35925
27400 35925
27450 35925
27500 35925
27550 35925
27600 35925
27650 35925
27700 35925
27750 35925
27800 35925
27850 35925
27900 35925
27950 35925
28000 35925
28050 35925
28100 35925
28150 35925
28200 35925
28200 35850
28200 35775
28200 35700
28200 35625
28200 35550
28200 35475
28200 35400
28200 35325
28200 35250
28200 35175
28200 35100
28200 35025
28200 34950
28200 34875
28200 34800
28200 34725
28200 34650
28200 34575
28200 34500
28150 34425
28150 34350
28100 34275
28100 34200
28050 34125
28050 34050
28000 33975
28000 33900
27950 33825
27950 33750
27900 33675
27900 33600
27850 33525
27850 33450
27800 33375
27800 33300
27750 33225
27750 33150
27750 33075
27700 33000
27700 32925
27700 32850
27650 32775
27650 32700
27650 32625
27650 32550
27650 32475
27650 32400
27650 32325
27650 32250
27600 32175
27600 32100
27600 32025
27600 31950
27550 31875
27550 31800
27550 31725
27550 31650
27550 31575
27500 31500
27500 31425
27500 31350
27500 31275
27500 31200
27500 31125
27500 31050
27500 30975
27500 30900
27500 30825
27500 30750
27500 30675
27450 30600
27450 30525
27450 30450
27450 30375
27450 30300
27450 30225
27450 30150
27450 30075
27450 30000
27450 29925
27450 29850
27450 29775
27450 29700
27450 29625
27450 29550
27450 29475
27500 29400
27500 29325
27500 29250
27550 29175
27600 29250
27600 29325
27600 29400
27600 29475
27650 29550
27650 29625
27650 29700
27650 29775
27700 29850
27700 29925
27750 30000
27750 30075
27750 30150
27800 30225
27800 30300
27850 30375
27850 30450
27900 30525
27900 30600
27950 30675
27950 30750
28000 30825
28000 30900
28050 30975
28100 31050
28150 31125
28200 31200
28250 31200
28300 31275
28350 31275
28400 31350
28450 31350
28500 31425
28550 31425
28600 31500
28650 31575
28650 31650
28700 31725
28700 31800
28700 31875
28700 31950
28750 32025
28750 32100
28750 32175
28750 32250
28750 32325
28800 32400
28800 32475
28800 32550
28800 32625
28850 32700
28850 32775
28850 32850
28850 32925
28850 33000
28900 33075
28900 33150
28900 33225
28900 33300
28950 33375
28950 33450
28950 33525
28950 33600
29000 33675
29000 33750
29000 33825
29050 33900
29050 33975
29050 34050
29100 34125
29100 34200
29150 34275
29200 34350
29200 34425
29250 34500
29250 34575
29300 34650
29300 34725
29250 34800
29250 34875
29250 34950
29200 35025
29200 35100
29150 35175
29150 35250
29150 35325
29100 35400
29100 35475
29050 35550
29050 35625
29050 35700
29000 35775
29000 35850
29000 35925
29050 35925
29100 35925
29150 35925
29200 35925
29250 35925
29300 35925
29350 35925
29400 35925
29450 35925
29500 35925
29550 35925
29600 35925
29650 35925
29700 35925
29750 35925
29800 35925
29850 35925
29900 35925
29950 35925
30000 35925
30050 35925
30100 35925
30150 35925
30200 35925
30250 35925
30300 35925
30350 35925
30400 35925
30450 35925
30500 35925
30550 35925
30600 35925
30650 35925
30700 35925
30750 35925
30800 35925
30850 35925
30900 35925
30950 35925
31000 35925
31050 35925
31100 35925
31150 35925
31200 35925
31250 35925
31300 35925
31350 35925
31400 35925
31450 35925
31500 35925
31550 35925
31600 35925
31650 35925
31700 35925
31750 35925
31800 35925
31850 35925
31900 35925
31950 35925
31950 35850
31950 35775
31950 35700
31950 35625
31950 35550
31950 35475
31950 35400
31950 35325
31950 35250
31950 35175
31950 35100
31950 35025
31950 34950
31950 34875
31950 34800
31950 34725
31950 34650
31950 34575
31950 34500
31950 34425
31950 34350
31950 34275
31950 34200
31950 34125
31950 34050
31950 33975
31950 33900
31950 33825
31950 33750
31950 33675
31950 33600
31950 33525
31950 33450
31950 33375
31950 33300
31950 33225
31950 33150
31950 33075
31950 33000
31950 32925
31950 32850
31950 32775
31950 32700
31950 32625
31950 32550
31950 32475
31950 32400
31950 32325
31950 32250
31950 32175
31950 32100
31950 32025
31950 31950
31950 31875
31950 31800
31950 31725
31950 31650
31950 31575
31950 31500
31950 31425
31950 31350
31950 31275
31950 31200
31950 31125
31950 31050
31950 30975
31950 30900
31950 30825
31950 30750
31950 30675
31950 30600
31950 30525
31950 30450
31950 30375
31950 30300
31950 30225
31950 30150
31950 30075
31950 30000
31950 29925
31950 29850
31950 29775
31950 29700
31950 29625
31950 29550
31950 29475
31950 29400
31950 29325
31950 29250
31950 29175
31950 29100
31950 29025
31950 28950
31950 28875
31950 28800
31950 28725
31950 28650
31950 28575
31950 28500
31950 28425
31950 28350
31950 28275
31950 28200
31950 28125
31950 28050
31950 27975
31950 27900
31950 27825
31950 27750
31950 27675
31950 27600
31950 27525
31950 27450
31950 27375
31950 27300
31950 27225
31950 27150
31950 27075
31950 27000
31950 26925
31950 26850
31950 26775
31950 26700
31950 26625
31950 26550
31950 26475
31950 26400
31950 26325
31950 26250
31950 26175
31950 26100
31950 26025
31950 25950
31950 25875
31950 25800
31950 25725
31950 25650
31950 25575
31950 25500
31950 25425
31950 25350
31950 25275
31950 25200
31950 25125
31950 25050
31950 24975
31950 24900
31950 24825
31950 24750
31950 24675
31950 24600
31950 24525
31950 24450
31950 24375
31950 24300
31950 24225
31950 24150
31950 24075
31950 24000
31950 23925
31950 23850
31950 23775
31950 23700
31950 23625
31950 23550
31950 23475
31950 23400
31950 23325
31950 23250
31950 23175
31950 23100
31950 23025
31950 22950
31950 22875
31950 22800
31950 22725
31950 22650
31950 22575
31950 22500
31950 22425
31950 22350
31950 22275
31950 22200
31950 22125
31950 22050
31950 21975
31950 21900
31950 21825
31950 21750
31950 21675
31950 21600
31950 21525
31950 21450
31950 21375
31950 21300
31950 21225
31950 21150
31950 21075
31950 21000
31950 20925
31950 20850
31950 20775
31950 20700
31950 20625
31950 20550
31950 20475
31950 20400
31950 20325
31950 20250
31950 20175
31950 20100
31950 20025
31950 19950
31950 19875
31950 19800
31950 19725
31950 19650
31950 19575
31950 19500
31950 19425
31950 19350
31950 19275
31950 19200
31950 19125
31950 19050
31950 18975
31950 18900
31950 18825
31950 18750
31950 18675
31950 18600
31950 18525
31950 18450
31950 18375
31950 18300
31950 18225
31950 18150
31950 18075
31950 18000
31950 17925
31950 17850
31950 17775
31950 17700
31950 17625
31950 17550
31950 17475
31950 17400
31950 17325
31950 17250
31950 17175
31950 17100
31950 17025
31950 16950
31950 16875
31950 16800
31950 16725
31950 16650
31950 16575
31950 16500
31950 16425
31950 16350
31950 16275
31950 16200
31950 16125
31950 16050
31950 15975
31950 15900
31950 15825
31950 15750
31950 15675
31950 15600
31950 15525
31950 15450
31950 15375
31950 15300
31950 15225
31950 15150
31950 15075
31950 15000
31950 14925
31950 14850
31950 14775
31950 14700
31950 14625
31950 14550
31950 14475
31950 14400
31950 14325
31950 14250
31950 14175
31950 14100
31950 14025
31950 13950
31950 13875
31950 13800
31950 13725
31950 13650
31950 13575
31950 13500
31950 13425
31950 13350
31950 13275
31950 13200
31950 13125
31950 13050
31950 12975
31950 12900
31950 12825
31950 12750
31950 12675
31950 12600
31950 12525
31950 12450
31950 12375
31950 12300
31950 12225
31950 12150
31950 12075
31950 12000
31950 11925
31950 11850
31950 11775
31950 11700
31950 11625
31950 11550
31950 11475
31950 11400
31950 11325
31950 11250
31950 11175
31950 11100
31950 11025
31950 10950
31950 10875
31950 10800
31950 10725
31950 10650
31950 10575
31950 10500
31950 10425
31950 10350
31950 10275
31950 10200
31950 10125
31950 10050
31950 9975
31950 9900
31950 9825
31950 9750
31950 9675
31950 9600
31950 9525
31950 9450
31950 9375
31950 9300
31950 9225
31950 9150
31950 9075
31950 9000
31950 8925
31950 8850
31950 8775
31950 8700
31950 8625
31950 8550
31950 8475
31950 8400
31950 8325
31950 8250
31950 8175
31950 8100
31950 8025
31950 7950
31950 7875
31950 7800
31950 7725
31950 7650
31950 7575
31950 7500
31950 7425
31950 7350
31950 7275
31950 7200
31950 7125
31950 7050
31950 6975
31950 6900
31950 6825
31950 6750
31950 6675
31950 6600
31950 6525
31950 6450
31950 6375
31950 6300
31950 6225
31950 6150
31950 6075
31950 6000
31950 5925
31950 5850
31950 5775
31950 5700
31950 5625
31950 5550
31950 5475
31950 5400
31950 5325
31950 5250
31950 5175
31950 5100
31950 5025
31950 4950
31950 4875
31950 4800
31950 4725
31950 4650
31950 4575
31950 4500
31950 4425
31950 4350
31950 4275
31950 4200
31950 4125
31950 4050
31950 3975
31950 3900
31950 3825
31950 3750
31950 3675
31950 3600
31950 3525
31950 3450
31950 3375
31950 3300
31950 3225
31950 3150
31950 3075
31950 3000
31950 2925
31950 2850
31950 2775
31950 2700
31950 2625
31950 2550
31950 2475
31950 2400
31950 2325
31950 2250
31950 2175
31950 2100
31950 2025
31950 1950
31950 1875
31950 1800
31950 1725
31950 1650
31950 1575
31950 1500
31950 1425
31950 1350
31950 1275
31950 1200
31950 1125
31950 1050
31950 975
31950 900
31950 825
31950 750
31950 675
31950 600
31950 525
31950 450
31950 375
31950 300
31950 225
31950 150
31950 75
31950 0
31900 0
31850 0
31800 0
31750 0
31700 0
31650 0
31600 0
31550 0
31500 0
31450 0
31400 0
31350 0
31300 0
31250 0
31200 0
31150 0
31100 0
31050 0
31000 0
30950 0
30900 0
30850 0
30800 0
30750 0
30700 0
30650 0
30600 0
30550 0
30500 0
30450 0
30400 0
30350 0
30300 0
30250 0
30200 0
30150 0
30100 0
30050 0
30000 0
29950 0
29900 0
29850 0
29800 0
29750 0
29700 0
29650 0
29600 0
29550 0
29500 0
29450 0
29400 0
29350 0
29300 0
29250 0
29200 0
29150 0
29100 0
29050 0
29000 0
28950 0
28900 0
28850 0
28800 0
28750 0
28700 0
28650 0
28600 0
28550 0
28500 0
28450 0
28400 0
28350 0
28300 0
28250 0
28200 0
28150 0
28100 0
28050 0
28000 0
27950 0
27900 0
27850 0
27800 0
27750 0
27700 0
27650 0
27600 0
27550 0
27500 0
27450 0
27400 0
27350 0
27300 0
27250 0
27200 0
27150 0
27100 0
27050 0
27000 0
26950 0
26900 0
26850 0
26800 0
26750 0
26700 0
26650 0
26600 0
26550 0
26500 0
26450 0
26400 0
26350 0
26300 0
26250 0
26200 0
26150 0
26100 0
26050 0
26000 0
25950 0
25900 0
25850 0
25800 0
25750 0
25700 0
25650 0
25600 0
25550 0
25500 0
25450 0
25400 0
25350 0
25300 0
25250 0
25200 0
25150 0
25100 0
25050 0
25000 0
24950 0
24900 0
24850 0
24800 0
24750 0
24700 0
24650 0
24600 0
24550 0
24500 0
24450 0
24400 0
24350 0
24300 0
24250 0
24200 0
24150 0
24100 0
24050 0
24000 0
23950 0
23900 0
23850 0
23800 0
23750 0
23700 0
23650 0
23600 0
23550 0
23500 0
23450 0
23400 0
23350 0
23300 0
23250 0
23200 0
23150 0
23100 0
23050 0
23000 0
22950 0
22900 0
22850 0
22800 0
22750 0
22700 0
22650 0
22600 0
22550 0
22500 0
22450 0
22400 0
22350 0
22300 0
22250 0
22200 0
22150 0
22100 0
22050 0
22000 0
21950 0
21900 0
21850 0
21800 0
21750 0
21700 0
21650 0
21600 0
21550 0
21500 0
21450 0
21400 0
21350 0
21300 0
21250 0
21200 0
21150 0
21100 0
21050 0
21000 0
20950 0
20900 0
20850 0
20800 0
20750 0
20700 0
20650 0
20600 0
20550 0
20500 0
20450 0
20400 0
20350 0
20300 0
20250 0
20200 0
20150 0
20100 0
20050 0
20000 0
19950 0
19900 0
19850 0
19800 0
19750 0
19700 0
19650 0
19600 0
19550 0
19500 0
19450 0
19400 0
19350 0
19300 0
19250 0
19200 0
19150 0
19100 0
19050 0
19000 0
18950 0
18900 0
18850 0
18800 0
18750 0
18700 0
18650 0
18600 0
18550 0
18500 0
18450 0
18400 0
18350 0
18300 0
18250 0
18200 0
18150 0
18100 0
18050 0
18000 0
17950 0
17900 0
17850 0
17800 0
17750 0
17700 0
17650 0
17600 0
17550 0
17500 0
17450 0
17400 0
17350 0
17300 0
17250 0
17200 0
17150 0
17100 0
17050 0
17000 0
16950 0
16900 0
16850 0
16800 0
16750 0
16700 0
16650 0
16600 0
16550 0
16500 0
16450 0
16400 0
16350 0
16300 0
16250 0
16200 0
16150 0
16100 0
16050 0
16000 0
15950 0
15900 0
15850 0
15800 0
15750 0
15700 0
15650 0
15600 0
15550 0
15500 0
15450 0
15400 0
15350 0
15300 0
15250 0
15200 0
15150 0
15100 0
15050 0
15000 0
14950 0
14900 0
14850 0
14800 0
14750 0
14700 0
14650 0
14600 0
14550 0
14500 0
14450 0
14400 0
14350 0
14300 0
14250 0
14200 0
14150 0
14100 0
14050 0
14000 0
13950 0
13900 0
13850 0
13800 0
13750 0
13700 0
13650 0
13600 0
13550 0
13500 0
13450 0
13400 0
13350 0
13300 0
13250 0
13200 0
13150 0
13100 0
13050 0
13000 0
12950 0
12900 0
12850 0
12800 0
12750 0
12700 0
12650 0
12600 0
12550 0
12500 0
12450 0
12400 0
12350 0
12300 0
12250 0
12200 0
12150 0
12100 0
12050 0
12000 0
11950 0
11900 0
11850 0
11800 0
11750 0
11700 0
11650 0
11600 0
11550 0
11500 0
11450 0
11400 0
11350 0
11300 0
11250 0
11200 0
11150 0
11100 0
11050 0
11000 0
10950 0
10900 0
10850 0
10800 0
10750 0
10700 0
10650 0
10600 0
10550 0
10500 0
10450 0
10400 0
10350 0
10300 0
10250 0
10200 0
10150 0
10100 0
10050 0
10000 0
9950 0
9900 0
9850 0
9800 0
9750 0
9700 0
9650 0
9600 0
9550 0
9500 0
9450 0
9400 0
9350 0
9300 0
9250 0
9200 0
9150 0
9100 0
9050 0
9000 0
8950 0
8900 0
8850 0
8800 0
8750 0
8700 0
8650 0
8600 0
8550 0
8500 0
8450 0
8400 0
8350 0
8300 0
8250 0
8200 0
8150 0
8100 0
8050 0
8000 0
7950 0
7900 0
7850 0
7800 0
7750 0
7700 0
7650 0
7600 0
7550 0
7500 0
7450 0
7400 0
7350 0
7300 0
7250 0
7200 0
7150 0
7100 0
7050 0
7000 0
6950 0
6900 0
6850 0
6800 0
6750 0
6700 0
6650 0
6600 0
6550 0
6500 0
6450 0
6400 0
6350 0
6300 0
6250 0
6200 0
6150 0
6100 0
6050 0
6000 0
5950 0
5900 0
5850 0
5800 0
5750 0
5700 0
5650 0
5600 0
5550 0
5500 0
5450 0
5400 0
5350 0
5300 0
5250 0
5200 0
5150 0
5100 0
5050 0
5000 0
4950 0
4900 0
4850 0
4800 0
4750 0
4700 0
4650 0
4600 0
4550 0
4500 0
4450 0
4400 0
4350 0
4300 0
4250 0
4200 0
4150 0
4100 0
4050 0
4000 0
3950 0
3900 0
3850 0
3800 0
3750 0
3700 0
3650 0
3600 0
3550 0
3500 0
3450 0
3400 0
3350 0
3300 0
3250 0
3200 0
3150 0
3100 0
3050 0
3000 0
2950 0
2900 0
2850 0
2800 0
2750 0
2700 0
2650 0
2600 0
2550 0
2500 0
2450 0
2400 0
2350 0
2300 0
2250 0
2200 0
2150 0
2100 0
2050 0
2000 0
1950 0
1900 0
1850 0
1800 0
1750 0
1700 0
1650 0
1600 0
1550 0
1500 0
1450 0
1400 0
1350 0
1300 0
1250 0
1200 0
1150 0
1100 0
1050 0
1000 0
950 0
900 0
850 0
800 0
750 0
700 0
650 0
600 0
550 0
500 0
450 0
400 0
350 0
300 0
250 0
200 0
150 0
100 0
50 0
