12636 19962
12500 18434
11216 14492
9063 9484
5955 3568
2258 -3413
-1368 -9173
-5073 -14471
-8301 -17776
-10663 -19333
-11940 -19105
-11594 -17070
-9944 -12964
-7228 -7554
-3397 -1172
681 5443
3939 11219
7299 15514
9857 18906
11651 20143
11737 19458
11056 16900
9526 12523
6578 7128
2580 713
-950 -5206
-4803 -11253
-8121 -15533
-10215 -18292
-11299 -19008
-11313 -18369
-9596 -15291
-7114 -10159
-3930 -3523
-219 3180
3309 9479
6711 14403
9146 18032
10915 19797
11546 19518
11543 17471
9918 13579
7620 8310
4343 2585
526 -3655
-3088 -9455
-6269 -14251
-8847 -17567
-10749 -19048
-11548 -18276
-11089 -15810
-9219 -11813
-6200 -6475
-2996 -202
781 5817
4423 11148
7556 15907
10344 18817
12111 20127
12563 19037
11906 16229
9857 11590
6911 6324
2727 -397
-1690 -7117
-5882 -12449
-9215 -16391
-11657 -19013
-12560 -19407
-12709 -18219
-10859 -14872
-8438 -10191
-4838 -4738
-760 1524
3887 7697
8085 12851
11319 16462
13708 18969
14673 19130
14186 17702
11657 14076
8466 9019
4628 3603
414 -2745
-3745 -8722
-7111 -13838
-10333 -17587
-12267 -18966
-13223 -19082
-12266 -17145
-10514 -13298
-7420 -8047
-3769 -1813
580 4636
4846 10668
8822 15335
11867 18653
13310 20049
13972 19605
13081 16912
10614 12967
7423 7601
3328 1148
-762 -5331
-4789 -11307
-8956 -16281
-11846 -19166
-13386 -20224
-13734 -19491
-12781 -16268
-10650 -11279
-6940 -4815
-2754 1668
1926 7935
6489 14362
9498 18243
12496 21488
13534 21632
13554 19771
12276 15902
9781 10174
6146 3996
2110 -2980
-2343 -9505
-6496 -14966
-9848 -19344
-12257 -21512
-13004 -21628
-12437 -18858
-10645 -13863
-7993 -7718
-4280 -858
-132 7003
4071 14071
7942 18771
11195 22253
13640 23718
14718 22499
14243 18900
13029 13338
9512 6050
5889 -1267
825 -8603
-3613 -14934
-8185 -20082
-12155 -22753
-14234 -22971
-14555 -21000
-14029 -17154
-11692 -11389
-8203 -4285
-4289 3259
488 10427
5520 16687
9982 21623
12962 23209
15199 22328
15278 19399
13941 14622
11343 8442
7591 1645
3183 -6785
-1584 -13665
-5861 -18903
-9357 -22655
-11735 -23663
-13307 -22129
-13417 -19142
-11974 -13404
-9245 -6051
-5621 1994
-1033 9375
3212 16195
8008 21012
11823 23846
14623 24441
15885 22385
15217 17994
13386 11696
10112 4336
5846 -3848
1430 -11523
-2910 -17498
-7739 -21972
-11851 -23523
-14506 -22433
-15694 -19196
-14990 -13966
-13132 -7117
-9289 43
-4836 7404
244 13989
5382 19790
9817 23128
13930 24467
15921 23029
16687 19466
16102 14660
13130 8407
9257 1064
4701 -6714
-499 -13152
-6096 -18489
-10598 -21878
-14231 -22845
-16115 -21806
-16623 -18777
-14904 -13474
-11835 -7075
-7756 -91
-2173 7226
3666 14177
8664 19143
13346 22741
16515 23715
18351 22463
17688 18020
15317 12307
11123 5595
6524 -1655
688 -9175
-5004 -14679
-10183 -19655
-14054 -21895
-16798 -22159
-17602 -19975
-16631 -15998
-13987 -10245
-9649 -3152
-4056 3747
1827 10907
7693 16871
12782 20858
16169 22429
18022 21641
18255 19192
16764 14392
13508 8559
9287 1231
3977 -5543
-1660 -11652
-7600 -16596
-12184 -20041
-14973 -21128
-16509 -20156
-16528 -16566
-15010 -11925
-11789 -5648
-6836 1284
-1504 7793
3899 13498
9126 18185
13695 20552
16740 21396
18257 19664
18093 15994
15921 10943
11929 4194
6535 -2422
1055 -8765
-4002 -13694
-9227 -17852
-13266 -19928
-16640 -20158
-17145 -18257
-16639 -14550
-14163 -9180
-10812 -3008
-5664 3786
-594 10860
4811 16282
9941 20109
14026 21718
17078 21108
18120 18465
17263 14190
14782 8306
10417 1326
5477 -5563
92 -12201
-5630 -17368
-10311 -20700
-14544 -22176
-16588 -21516
-17146 -18485
-15718 -14128
-13074 -7857
-8754 -857
-3469 6551
1765 12875
7184 18274
12005 21560
15863 22859
17850 21809
18154 18200
16990 12263
13846 5932
9295 -1210
3611 -7938
-2248 -13789
-7634 -18661
-12105 -21691
-15415 -21862
-17028 -19711
-17072 -15590
-15013 -9746
-11195 -3331
-6052 3576
-57 10384
5000 15939
10224 19698
14737 21501
17238 21221
17685 18974
16750 14708
14340 9222
10226 2475
5355 -3870
-193 -10319
-5702 -15594
-10506 -19440
-14285 -21042
-16349 -20221
-16649 -17275
-15183 -12143
-11974 -6596
-7490 350
-2588 7118
2885 12561
8389 17305
12667 20116
16237 21023
18085 19513
18185 16323
16478 11689
13376 5409
8711 -364
3251 -6722
-2578 -12351
-8242 -16505
-12991 -19072
-16194 -19578
-17851 -18144
-17818 -14711
-15974 -10074
-11620 -3957
-6767 2068
-1065 8591
4864 13888
10077 18297
14418 20275
17413 20897
19051 18987
18155 14953
15724 9482
11447 2678
6278 -3990
84 -10181
-5997 -15525
-10646 -19110
-14642 -20818
-16491 -20193
-17654 -17842
-16945 -13332
-13842 -7480
-8938 -1060
-3004 6081
2413 12106
8421 17169
13006 20538
16580 21153
18017 20034
17815 16943
15948 12175
12186 5827
7649 -376
2127 -6785
-3350 -12770
-9132 -16796
-13793 -19177
-16691 -19576
-17370 -18075
-16956 -14527
-14631 -10157
-10945 -3969
-6146 2281
126 8413
5767 13701
10628 17424
14960 19620
17751 19711
18457 17561
17405 13983
14850 8316
10513 2559
5324 -3484
-1149 -9928
-6406 -14268
-11544 -18123
-15259 -19774
-17473 -19896
-17934 -17399
-16193 -12580
-12459 -6966
-7150 -127
-972 6664
4735 12416
9883 17222
14371 20372
17188 21510
17957 20635
17313 17548
14967 12220
11532 5982
6482 -736
879 -7630
-4853 -13573
-10028 -18216
-13805 -21191
-16364 -21971
-16773 -20322
-15371 -16797
-12574 -11035
-8169 -4171
-3059 2789
1930 9620
6654 15380
11010 19800
14329 22230
16113 22230
16324 20032
14744 15952
11026 10148
6921 3543
2583 -3239
-2713 -10133
-7610 -15755
-11715 -19903
-14174 -21626
-15221 -21789
-14575 -19627
-12451 -15282
-8680 -9380
-4343 -2314
770 5227
5876 12316
10328 17455
13455 21500
15194 22537
15322 21952
14192 19531
11222 14254
7463 7861
2682 492
-2172 -6653
-6265 -12768
-10374 -18007
-12980 -21441
-14545 -22891
-14416 -21631
-13138 -18329
-9974 -13394
-5898 -6675
-986 1337
4196 8473
8569 15107
11916 19619
14293 22141
15165 23087
14604 21248
13109 17366
9897 11953
5524 5064
1260 -1766
-4151 -9112
-7842 -14914
-11583 -19668
-13747 -21995
-14160 -22296
-13476 -20309
-11486 -15875
-7814 -9723
-3450 -2320
1081 4052
5238 10705
9218 16541
12344 20828
13936 22664
14346 22273
13399 19653
10919 14799
7594 9164
2881 1607
-1456 -5189
-6333 -11742
-10189 -17092
-12747 -20390
-14284 -22013
-14347 -21157
-12686 -18150
-9852 -13471
-5564 -6994
-990 293
3809 7551
8363 13856
11752 19102
14120 22318
15345 23053
14608 21845
13175 18210
9629 12300
5317 4990
914 -2626
-3912 -10199
-8469 -16433
-12096 -20962
-14580 -23868
-15549 -23848
-15163 -20976
-12821 -15927
-9148 -9160
-4520 -2010
497 5607
5245 13369
9983 19499
13466 22969
15477 23896
15976 23224
15102 19710
12370 14225
8414 7137
4356 137
-629 -7015
-5241 -12871
-9518 -18324
-12939 -21491
-14745 -22785
-15037 -21129
-13869 -17574
-11638 -12639
-7711 -5860
-3226 1565
1426 8433
5628 14429
9962 18900
13277 21379
14953 21564
15281 19945
14206 16278
11674 10789
7692 4583
3205 -1663
-1777 -8185
-6629 -14113
-10722 -18390
-13428 -20377
-14699 -20648
-13919 -18412
-12291 -14095
-9584 -7964
-5602 -1866
-680 5090
4002 11259
8857 16949
12311 20416
14695 21919
15305 20609
15224 17644
13120 13080
10045 7142
5756 848
564 -6765
-4290 -12898
-8926 -17352
-12577 -20353
-14932 -21375
-15645 -19846
-14682 -16076
-12203 -10822
-7957 -4100
-3436 2839
1928 9136
6920 15176
10855 19230
14339 21581
15898 21887
15878 20149
14140 16217
11274 10741
7290 4162
2430 -3232
-2812 -9638
-7550 -15225
-11139 -19484
-13736 -21622
-15377 -21244
-15395 -18717
-13818 -14547
-10603 -9403
-6463 -2463
-869 5491
4487 12190
9759 17644
13631 21169
15986 22556
16964 21553
16334 18747
13791 13847
9754 7392
5194 523
-650 -6771
-5908 -13387
-10753 -18535
-14031 -21750
-15871 -23217
-16203 -21727
-14376 -17732
-11362 -12417
-7071 -5891
-2055 1903
3204 8958
8269 14792
11939 19762
14796 22451
16773 22813
16615 20768
14278 17041
11095 11359
6597 4941
1577 -1957
-3563 -9657
-8226 -15541
-11701 -19787
-14340 -22124
-15805 -21840
-15514 -19689
-13136 -15187
-9133 -9236
-4300 -1858
764 4696
5776 11957
9740 17599
13247 21088
15976 22830
16769 22053
15727 18602
12967 13442
9573 7426
4364 55
-644 -6242
-5519 -12738
-9460 -17430
-12585 -20069
-14109 -21739
-14665 -20387
-13415 -17234
-10743 -11879
-6614 -5517
-2550 826
1972 7184
6914 13105
10993 17753
14023 20169
15273 20749
15313 19390
13914 16031
10734 11232
6080 5101
1553 -976
-3221 -6998
-8246 -13344
-12209 -17776
-14507 -19924
-15336 -20360
-14404 -18639
-11862 -14362
-8713 -8887
-4434 -2239
169 4362
4927 10509
8774 15231
11997 19124
14427 20619
15399 20021
14579 17388
12464 13018
8944 7050
4613 760
-737 -5936
-5802 -11693
-9384 -16585
-12223 -19309
-14041 -19935
-13799 -18425
-12218 -15634
-9603 -10574
-6054 -4572
-1904 1456
2633 7622
6797 13308
10124 17677
12991 19550
13772 20152
13307 18508
11372 15052
8521 10697
4951 4760
1004 -1806
-2986 -8273
-6638 -13574
-9758 -17489
-11602 -19185
-12475 -19254
-11757 -17194
-10427 -13274
-7621 -7605
-3835 -1286
426 5531
4587 11479
8069 16114
10820 19111
12504 20240
12648 19218
11744 15842
10031 11557
6553 5975
2562 258
-1645 -6313
-4989 -12069
-8385 -16883
-10466 -19453
-11491 -20233
-11688 -18962
-10182 -15355
-7162 -10806
-4052 -5297
-24 1322
4356 7710
7885 13001
11045 17223
13168 19688
13707 19934
12422 18139
10373 14939
7244 9853
3454 3547
-882 -2595
-4723 -8659
-8216 -13712
-10877 -17397
-12006 -19613
-11908 -19572
-10343 -17287
-8203 -12947
-4968 -7845
-1021 -1504
2773 4346
6717 10605
10044 15848
12223 18513
12887 19405
12557 18684
11005 15847
8854 11138
5544 5268
2022 -1298
-1770 -7795
-5459 -13346
-8498 -16908
-10681 -18837
-11810 -18948
-11941 -17293
-10492 -13722
-7616 -8616
-4239 -2154
-118 4542
3704 10224
7331 14650
9798 17403
11537 19182
12387 18808
11955 16411
10265 12172
7582 6487
4132 925
498 -5411
-3063 -11017
-6392 -15333
-8997 -17969
-11011 -18904
-11480 -17716
-11285 -14975
-9977 -10630
-7726 -4629
-4328 1959
-272 8170
4369 12813
7976 16306
10816 18838
12503 19421
13223 17436
12250 13804
10360 9588
7128 3564
3626 -2791
-300 -7919
-4217 -13303
-7443 -16561
-9752 -18145
-10994 -17807
-11504 -15709
-10799 -11994
-8853 -7103
-5773 -777
-2049 4454
1298 9464
4812 13797
8193 16853
10374 17897
11915 17245
12062 14723
11147 10818
9230 5736
5901 240
2384 -5537
-1528 -10872
-5181 -14726
-8049 -16940
-9842 -17724
-10835 -16663
-10939 -13707
-9594 -9328
-7190 -3652
-4254 2127
-338 7954
3502 12867
6814 16097
9816 17912
11695 18149
12098 16442
11614 12987
9851 7892
7089 2664
3204 -2769
-947 -8038
-4802 -12586
-7843 -15697
-9866 -17128
-11054 -17134
-11083 -15380
-9584 -11947
-7283 -7332
-4243 -2469
-931 4050
2617 9510
5990 14095
9035 17267
10904 18469
11464 17768
10835 15530
8903 11571
5837 6282
2813 188
-457 -5340
-4418 -10432
-7251 -14954
-9543 -17555
-10820 -18126
-10933 -16403
-9927 -13733
-7615 -9379
-4695 -4204
-1553 2216
1928 8015
5085 12897
8094 15904
10316 17545
11472 17324
11581 15337
10827 11608
8744 6800
5770 1220
2348 -4426
-1509 -9516
-5218 -13909
-8398 -16907
-10841 -17771
-12239 -17001
-12328 -14612
-10869 -10687
-8740 -5596
-5453 -145
-1435 5550
3114 10740
7270 15056
10554 17557
12737 18240
13663 17001
13542 14377
11908 10199
9060 4591
5434 -765
1075 -6351
-3756 -11475
-7908 -15358
-11111 -17339
-13439 -17451
-14201 -16013
-13489 -12979
-10997 -8728
-7511 -2878
-3100 2584
1458 8511
6025 13158
9545 16674
12153 18262
14185 17828
14092 16144
13015 12496
10328 7392
7214 1729
2905 -4111
-1811 -9321
-6290 -13843
-10232 -17103
-12619 -18039
-13896 -17230
-13762 -15080
-11978 -11292
-8910 -5859
-5018 -404
-628 5179
4212 10449
8548 14333
11988 16573
13968 17549
15003 16371
14509 13650
12747 9897
9859 4685
6215 -511
1398 -6143
-3892 -10856
-8345 -14479
-11883 -16853
-13695 -17130
-14208 -15523
-13712 -12052
-11718 -7479
-7859 -2546
-3986 3014
416 8617
4921 13273
8672 16379
11547 17365
13262 16883
13504 14905
11917 11298
9871 6511
6584 846
2991 -4779
-800 -9967
-5076 -14280
-8525 -16881
-11103 -17597
-12467 -16249
-12609 -13359
-11541 -9867
-9420 -4943
-6014 706
-2109 5406
2469 10631
6289 14039
9901 16338
12567 17447
13553 16881
13270 14661
11776 10669
9172 6331
5277 711
1655 -4228
-2457 -9257
-6699 -13092
-9898 -15909
-12141 -16376
-12983 -15905
-12375 -13310
-10766 -9862
-8356 -4968
-4513 29
145 5204
3822 10285
7919 14353
10801 16270
13253 16734
14296 15462
13786 12466
11939 8630
9152 4139
5074 -850
830 -5761
-3778 -10364
-8224 -13602
-11335 -15345
-13179 -15162
-14059 -13741
-13252 -11128
-11103 -7170
-7613 -2565
-3685 2197
673 6753
5783 10734
9936 13708
12662 14982
14553 14739
14420 13605
13056 10682
10526 6583
7070 1595
2618 -3365
-2285 -8204
-6925 -12547
-10456 -15420
-12835 -16265
-13959 -15920
-14025 -13680
-12547 -10087
-9380 -5484
-5330 -11
-1009 5179
4508 10507
8559 13869
12132 16457
14362 17046
15407 15849
14552 12601
12146 7791
8577 2148
4326 -2892
-556 -7846
-5228 -12142
-9203 -14561
-12363 -15801
-14152 -15405
-14067 -13350
-12511 -10003
-9931 -5561
-6102 -500
-1997 4780
2698 9602
6473 12959
10052 15552
12452 16178
13912 14999
13807 12365
12150 8157
9382 3826
5944 -1157
2142 -6378
-2515 -10601
-6823 -13619
-10254 -14985
-12837 -15258
-13444 -13779
-13151 -11131
-11077 -6842
-7646 -2291
-3906 2638
388 7630
5150 12070
8870 15433
12302 16660
14361 16322
14995 14293
14138 10965
11573 6275
7783 791
3777 -4885
-881 -9963
-5593 -14406
-9903 -16681
-12496 -17678
-13825 -16381
-13687 -13088
-12252 -9653
-9491 -4673
-5465 679
-1276 5486
2857 10277
7170 13860
10747 16021
13320 16445
14702 14929
14239 12549
12371 8436
9302 3978
5221 -1283
1085 -6077
-3209 -10260
-7205 -13662
-10498 -15420
-12978 -15720
-13927 -13998
-13443 -11070
-11356 -7076
-7607 -1723
-2942 3688
1886 8631
6608 12343
10757 15564
13380 17241
15226 17705
15612 15114
14361 11308
11847 7001
7354 1712
2203 -3383
-2323 -8911
-6904 -13155
-10878 -16116
-13598 -16692
-14946 -16056
-14825 -13677
-13069 -9781
-9919 -4626
-5297 975
-638 6526
4280 11218
9318 15069
12822 17633
15386 18444
16153 16926
15697 14156
13430 8970
10223 3451
6354 -1910
1553 -7408
-3754 -12211
-7957 -15698
-11768 -17808
-14109 -17555
-15017 -15787
-13923 -12366
-11572 -7136
-8181 -1733
-3716 4084
927 9233
5802 13806
10141 16419
13074 17869
14725 17434
15153 15572
13426 12024
10746 7580
6983 2638
2247 -3179
-2807 -8555
-7036 -13170
-10645 -16103
-12996 -17147
-13984 -16937
-13929 -14162
-12471 -10421
-9468 -5500
-5396 -69
-565 5426
4330 10383
8872 13765
12653 16112
14917 16651
16183 15356
15098 13106
12662 9525
8895 4516
4411 -530
-598 -5827
-5758 -10426
-9945 -13667
-13037 -15400
-14987 -15040
-15215 -13896
-13800 -11055
-10583 -7066
-6157 -2008
-1458 2853
3519 7914
8328 11683
12501 14670
14809 16040
15852 16123
15460 14464
13033 11284
9884 6659
6121 1891
1105 -3215
-3406 -7669
-7852 -12022
-11307 -14924
-13637 -16271
-14824 -16079
-13440 -14063
-11212 -10678
-7606 -5653
-3594 -368
864 4775
5019 9564
8664 13552
11730 16038
13392 16772
13767 16125
12757 14103
9660 9708
6143 4219
2245 -580
-2268 -5563
-6250 -9574
-9340 -12726
-11822 -14754
-12712 -15180
-12496 -13785
-10979 -11718
-8364 -8489
-4530 -4043
-435 1418
3972 6336
7854 10603
10611 13866
12966 15783
13624 16329
13022 15016
11323 12359
8627 7977
5173 2857
993 -2466
-2908 -7153
-6911 -11566
-9936 -14383
-11948 -15994
-13074 -16147
-11989 -14411
-10220 -10783
-7264 -6175
-3722 -1387
730 3637
5194 8543
8770 12305
11125 15131
12379 16227
12227 16000
10879 13923
9213 9878
5998 5484
2347 287
-1480 -4796
-5031 -8787
-7958 -12136
-10337 -14482
-11285 -15103
-10777 -14440
-9885 -12251
-7639 -8276
-4255 -4011
-122 1066
4000 6049
7152 10994
10023 14366
11339 16672
11566 16553
10626 15038
8672 12315
5500 7975
1691 2299
-2254 -2591
-5785 -7018
-8970 -11383
-10772 -14103
-11243 -15377
-10381 -14673
-8853 -13089
-6316 -9774
-3121 -5473
569 -604
4203 4282
7302 8324
9680 12651
11103 15354
11573 16353
11100 15868
9218 13313
6736 9977
3240 5411
-453 487
-4298 -5045
-7646 -9426
-10231 -13068
-11570 -14991
-11997 -15395
-11103 -14386
-8756 -12012
-6152 -8017
-2386 -3400
1839 1707
5953 6695
9240 10769
11612 13682
12552 15120
12736 15180
11233 14067
8948 11300
5482 6958
1054 2186
-3564 -2736
-7449 -7452
-10118 -11121
-11999 -13751
-12203 -15083
-11087 -14589
-9249 -12900
-5889 -9554
-2187 -5230
2175 109
5868 4722
9292 9028
11235 12323
12450 14598
12306 15767
10938 15344
8532 13231
5238 9727
1224 5546
-2438 301
-6053 -4574
-8836 -9632
-10776 -13151
-11528 -15572
-10931 -15861
-9588 -14673
-6995 -12257
-3770 -8281
247 -3468
3911 1591
6942 7008
9704 11568
11097 14460
12059 15775
11693 15957
9777 14295
6785 10981
3645 6633
182 1930
-3645 -3243
-6742 -7991
-9274 -11946
-10913 -14725
-11746 -15437
-10928 -15190
-9192 -13114
-6233 -10154
-2979 -5980
910 -451
4600 4799
7798 9465
10416 13633
11484 16170
12076 17154
11107 16381
9426 13890
6543 9654
2802 4414
-1245 -1090
-5067 -6324
-7901 -10961
-10403 -14673
-11589 -16509
-11678 -16753
-10340 -15048
-8124 -11887
-5075 -7315
-1339 -2398
2688 2483
6332 7629
9435 12324
11203 15195
11354 16754
10837 16692
8739 14772
7001 11745
3772 7229
240 1774
-3334 -3848
-6576 -8744
-8753 -12935
-10102 -15516
-9995 -16880
-8981 -16254
-7004 -13972
-4420 -11076
-1003 -6277
2386 -1174
5673 5217
8144 10307
10172 14649
11135 17807
11072 19047
9316 18589
6944 15809
4118 11263
739 5752
-2596 -66
-5064 -5659
-7755 -10795
-9218 -14628
-10261 -17355
-10266 -17940
-9383 -16376
-6756 -13523
-3691 -9603
-57 -4160
3281 1469
6157 6781
9323 11733
11046 15496
11888 17106
11221 17196
9237 16037
6740 12828
3425 8556
-348 2980
-3804 -2363
-7190 -8188
-9809 -12991
-11237 -16171
-10728 -17633
-9625 -17226
-7694 -14973
-4815 -10973
-1189 -6407
2762 -340
5684 5254
8513 10542
10551 14763
11390 17615
10634 18605
8819 17598
6399 14616
3572 10859
480 5429
-2521 -217
-4911 -5875
-6523 -10836
-8421 -14632
-9135 -16536
-7955 -16817
-6147 -15392
-3866 -12104
-1213 -8158
1971 -3182
3949 2774
5995 7652
7228 11976
8027 15463
8681 17043
7818 17278
6652 16007
4960 13092
2036 8543
-1180 3179
-4353 -2715
-6717 -7474
-8478 -11931
-9231 -15419
-9112 -17259
-8121 -17394
-6189 -15560
-3966 -11685
-1127 -6160
2066 -683
4974 5132
7524 10403
9076 15695
9607 18311
9091 19218
7358 18372
5590 15558
3069 10745
487 5059
-2390 -1075
-5009 -7019
-7244 -12197
-7925 -15961
-8568 -18481
-7931 -19182
-6598 -18127
-4903 -14850
-2020 -9620
917 -3513
4193 3195
6791 9643
8604 15466
9988 19280
10199 21206
8729 20666
7299 18374
4487 14286
1489 8992
-1695 2723
-4606 -4377
-7158 -10599
-8637 -15555
-9157 -19231
-8956 -20237
-7475 -19454
-5431 -16549
-2978 -12091
275 -6407
3524 -133
6531 6203
8341 11870
9781 16758
9859 19463
9412 20207
7557 19379
5040 16371
1920 11303
-1050 5069
-3910 -1594
-6742 -7504
-8997 -12820
-10494 -16643
-10304 -18752
-9428 -18789
-7394 -17280
-4173 -13896
-691 -9011
2462 -3682
5344 2325
8057 8431
10448 13272
11293 17010
11425 19217
10637 19294
8203 17521
5122 14482
1853 9142
-2138 2568
-5381 -3424
-7882 -8614
-9591 -13433
-10361 -17386
-9807 -18959
-8573 -18704
-5923 -16613
-3256 -13040
-81 -7890
3122 -1838
5844 4539
8303 10987
9282 15547
9278 19020
9163 20600
8191 19974
6191 17137
3261 12611
284 7149
-2948 827
-5747 -5098
-8072 -10883
-9483 -15885
-9807 -18804
-8989 -20357
-7284 -19381
-5084 -16555
-2118 -11511
808 -5923
4436 1210
7239 7685
9292 13578
10827 17875
11199 20578
10570 20932
9160 19215
6398 14919
2556 9296
-1003 2810
-4061 -4046
-7129 -10348
-9421 -15549
-10452 -19627
-11034 -21437
-10356 -21260
-8447 -18363
-5630 -13857
-2088 -8323
2116 -1570
6446 5195
9836 11668
12232 17271
13080 20836
13046 22126
11908 21637
9169 19047
6051 14534
2030 8299
-2205 1668
-6320 -5423
-9440 -12235
-11343 -17342
-12675 -20318
-12363 -21394
-10146 -20147
-7075 -16676
-3400 -11154
761 -4116
4197 2774
7652 9571
10296 14728
12095 19198
13025 21228
12381 21568
10493 19784
7490 15493
4237 9709
236 2920
-4127 -4263
-7992 -10761
-11015 -15539
-12918 -18931
-13422 -20653
-12242 -20003
-10257 -17571
-7049 -12606
-3111 -6373
857 -122
5016 6775
9202 12784
12110 17529
13386 20579
13790 21058
12814 19413
10342 15988
7066 10666
3076 4789
-1367 -1592
-5375 -8212
-8961 -13536
-11300 -17449
-12626 -19762
-12218 -20159
-10712 -18302
-8376 -14659
-5104 -9251
-1674 -3099
2072 3894
6117 9967
9681 14908
11723 18448
12985 20136
12665 20121
11102 18235
8195 14178
4462 9214
147 2750
-4205 -3494
-8420 -9821
-10952 -14979
-12180 -18712
-12642 -20400
-11393 -19893
-8915 -16416
-5829 -12287
-1460 -6322
2512 -406
6509 5973
9533 11532
11735 15806
12986 18463
12698 19495
10863 18271
7699 15563
4134 11212
352 5706
-3470 -483
-6395 -6248
-9069 -11906
-10850 -16285
-11851 -19348
-11131 -19976
-9091 -18777
-5609 -15332
-1459 -11010
2395 -5329
6018 848
9805 7431
12123 12865
13484 17126
13786 20149
12673 20865
10218 19344
6386 15505
2185 10393
-1993 4115
-5721 -2865
-8671 -9468
-10704 -15468
-12105 -18661
-11622 -20563
-10362 -19977
-8101 -17391
-4369 -12567
-682 -7017
3414 -349
7262 6362
9922 12410
11525 17338
11734 20395
10866 21126
9495 20224
6859 16998
3249 11851
-247 6236
-3692 -254
-6599 -7551
-8619 -13595
-9845 -17889
-10226 -20209
-8843 -20682
-7249 -19427
-5099 -15808
-2118 -10835
566 -5099
3591 2344
6175 8701
8328 14498
10012 18799
10228 21163
9726 21393
8015 19934
5795 15675
2614 10125
-798 3151
-4289 -4016
-6705 -10651
-8326 -15671
-9694 -19357
-9173 -20638
-8691 -19467
-6402 -16449
-4197 -11879
-1102 -6399
2253 -33
5245 6269
7177 11485
8994 16244
9582 18924
9451 19987
8423 19346
6425 16924
4146 12353
667 6236
-2692 -338
-5678 -7077
-7968 -12761
-9485 -16919
-9320 -19606
-8072 -19954
-6378 -18902
-3834 -15451
-908 -10406
1943 -4676
4866 1905
7397 8651
8814 14147
9554 18428
9132 20578
8086 20761
6368 19327
3851 15759
1182 10093
-1989 3461
-4869 -3248
-7095 -9398
-8622 -14452
-9198 -18528
-9282 -20462
-7908 -20694
-5896 -18470
-3312 -14530
205 -9231
3198 -2732
5747 4464
8077 10928
9301 16118
10022 19592
9215 21466
7457 21288
5200 19510
2467 14860
-727 8832
-3343 2531
-6408 -5061
-8146 -11360
-9232 -16376
-9390 -19908
-8803 -21395
-7037 -20687
-4724 -17806
-1778 -13124
1492 -6856
4927 365
7647 7283
9466 13550
10583 18634
10385 21806
8998 23093
7062 22236
4304 18841
891 13134
-2420 6599
-5342 -688
-7761 -8219
-9740 -14784
-10524 -19605
-9668 -22341
-8334 -22789
-6051 -21150
-3195 -17381
1 -12265
2959 -5296
5954 2524
8448 9752
9951 16343
10175 21566
9227 24239
8097 24222
6492 21764
3240 17312
224 10855
-2392 3623
-5094 -3990
-7636 -11237
-9100 -16966
-9459 -21035
-9502 -23357
-8462 -22964
-6152 -20418
-3088 -15615
101 -8903
3328 -1203
6211 6304
8657 13879
10521 19000
11130 22782
10668 24335
8969 23547
6178 19873
3055 14429
0 8081
-3501 471
-6809 -6841
-9211 -13169
-10313 -18284
-10275 -21465
-9322 -22068
-7469 -20485
-4673 -16898
-1634 -11155
1215 -4015
4600 3157
6945 9593
9072 15730
10175 20049
10257 22540
9632 22593
7961 19963
5424 15584
2492 9769
-998 3102
-3349 -4183
-6413 -11260
-8097 -16786
-9322 -20429
-8984 -22631
-8630 -22394
-6493 -19800
-4225 -15235
-1415 -8672
1825 -764
4988 6802
7578 13146
9488 18463
10932 21683
10901 22905
10055 21773
8285 18369
5439 12903
1989 5948
-1533 -508
-4954 -6956
-8149 -13393
-10353 -17223
-11406 -19482
-11630 -20397
-10242 -18809
-7793 -15568
-4814 -10697
-1088 -4636
3299 2070
7475 8631
10855 14560
12951 17996
13785 20473
13150 21050
10560 19174
7311 15000
3750 9574
-376 3245
-4984 -3405
-8616 -10110
-11925 -15724
-13629 -18851
-13879 -20647
-12592 -20145
-10307 -17492
-6929 -12989
-2354 -7990
2463 -1297
7254 5604
11147 11646
14143 16454
15204 19331
15057 20146
13187 19269
10502 16863
5757 12056
1305 6389
-3477 -144
-7801 -6548
-11391 -12012
-13837 -15991
-14910 -18673
-14487 -19150
-12746 -18134
-9577 -15009
-5832 -10396
-1042 -4681
4421 2094
8751 7816
12247 13303
14640 17276
15050 19555
14137 19666
12235 17722
9236 13848
5073 9056
1329 3966
-3092 -1774
-7054 -7402
-9906 -12184
-12268 -16124
-12969 -18415
-12583 -18729
-10936 -16703
-7886 -13527
-4757 -8424
-546 -2487
3646 3702
7699 9828
11064 15219
12997 18337
13874 20025
13108 19384
11057 16946
8016 12389
4260 6911
614 725
-3342 -6005
-7045 -11791
-9648 -16171
-11501 -18937
-11892 -19428
-11170 -18341
-9413 -15327
-6888 -10126
-2387 -3739
1458 2855
5710 9319
9235 14434
12053 17870
13681 19653
13817 19679
12377 17465
9965 13701
6314 8490
2184 2860
-2417 -2976
-6494 -8294
-10454 -12759
-13082 -16536
-14135 -18197
-14056 -17982
-11853 -16139
-9001 -11979
-4948 -7385
-44 -1990
4343 3769
8847 9081
12257 13198
14559 16003
15313 17066
14501 16248
12155 13781
8858 10179
4727 5693
-18 751
-4721 -4149
-9328 -8962
-12856 -12794
-14932 -15636
-15451 -16912
-14041 -16244
-11339 -14323
-7330 -10446
-2414 -5298
2964 98
7811 4904
11825 9747
14775 14195
16362 17078
16223 17957
14618 17749
11624 14510
7079 10326
1855 5026
-2857 -535
-7519 -6480
-11180 -11456
-13746 -15284
-14982 -17580
-14461 -17884
-12573 -16661
-9408 -13449
-4948 -8922
-84 -3419
4416 2490
9349 8160
13091 13461
15657 16505
16444 18210
15991 17775
13575 15898
9742 12290
5251 7995
347 1931
-4594 -3740
-8430 -8370
-11967 -12784
-14630 -16113
-15476 -17708
-14505 -17324
-12329 -15500
-8914 -11462
-4215 -6421
869 -726
6663 5750
11009 10913
13899 14944
15479 17683
16477 18354
15149 17525
12365 14452
8800 9864
4610 4237
-507 -2045
-5348 -7144
-9543 -12153
-12778 -15898
-14668 -18235
-14921 -18272
-13579 -16616
-11178 -13488
-7023 -8454
-2350 -2436
2546 3840
7103 9490
11034 13133
14334 17049
16024 18820
15810 18318
14050 16282
10620 12862
6395 7874
834 2038
-4395 -3719
-8885 -9314
-12147 -14028
-14168 -17133
-14651 -18781
-14116 -17981
-11488 -15767
-7454 -11775
-3674 -7199
943 -1259
6007 5063
10061 10883
13311 15169
15132 18010
15038 19104
13410 18087
11309 15557
7737 11539
2984 6030
-2250 155
-6363 -4913
-10460 -10657
-13147 -14728
-14368 -17229
-13878 -17892
-12438 -16405
-9665 -13312
-5663 -9630
-1475 -4454
3014 1348
7229 6877
10569 12164
13191 16371
14087 18075
13734 18370
12188 16901
8881 13569
4756 8829
736 3375
-3006 -2665
-6571 -8078
-9277 -12934
-11187 -16367
-11980 -18283
-11237 -17705
-10087 -15981
-7120 -12766
-3259 -7622
911 -2099
4771 3599
8182 9216
10548 13706
11818 16951
12418 18511
11708 18101
9769 15823
6578 11449
2614 5744
-1375 -245
-5561 -6332
-8935 -11445
-11319 -15663
-12426 -18038
-12569 -19028
-11211 -17937
-8909 -14513
-5962 -9918
-1645 -3998
2884 2780
7025 8878
11003 14454
13287 18232
14261 20348
13738 20547
12005 18611
9556 14589
5702 9111
1490 3064
-2521 -3906
-6648 -9527
-9985 -14968
-12382 -18564
-13275 -20342
-12852 -20135
-11113 -17373
-8098 -13028
-4347 -7616
-106 -1128
4471 5723
8449 12101
11603 17292
13817 20221
14521 20813
13442 20024
10985 16980
7842 12105
4152 6295
-352 -305
-4665 -6381
-8920 -12322
-11461 -16814
-12679 -19585
-13360 -20526
-12464 -19069
-10061 -15826
-6278 -11400
-1994 -5389
2762 788
7167 7550
10890 13616
13340 18405
14137 21226
14061 21937
12472 19866
9143 16528
5764 11481
899 5146
-4074 -1445
-8309 -8230
-11848 -13966
-14584 -18492
-15799 -21161
-14923 -21211
-12547 -19085
-9134 -15569
-4477 -9748
517 -2545
5619 5053
10292 11833
13681 16724
16219 20188
16413 21465
14822 20263
12496 17539
8509 13066
3636 7520
-1934 729
-6393 -5828
-10164 -12221
-13531 -16852
-15540 -19916
-15706 -20786
-14540 -19291
-11623 -15989
-7584 -11032
-2261 -4963
3449 1120
8441 7913
12665 13511
15609 17897
17207 20465
17112 20843
14762 19243
10886 15424
5894 10477
1147 4049
-4046 -2424
-9394 -9089
-13262 -13881
-15818 -17090
-16556 -18688
-15872 -18579
-12937 -16279
-9416 -11922
-4292 -6296
1170 -200
6198 5429
11124 11030
14576 15683
16410 18243
16704 19460
15220 18228
12476 15335
8256 10944
3095 5794
-1870 225
-7166 -5754
-10950 -11434
-13527 -15084
-15083 -17894
-15218 -18209
-13655 -17134
-10965 -14007
-7386 -10034
-2445 -4061
2743 1517
7604 7434
12008 12437
14790 16012
16476 18759
16153 18699
14015 16987
10728 13754
6101 9012
1090 3653
-4495 -2582
-9153 -8736
-13138 -13793
-15707 -17162
-16698 -18803
-15588 -18154
-13027 -15761
-9315 -11460
-4681 -6351
619 -641
6450 5475
11446 10517
15006 14818
17376 17300
17790 18561
16566 17687
13722 14945
9358 10413
3856 5069
-1961 -941
-7571 -6285
-12385 -11522
-15345 -15325
-16914 -17099
-16688 -17382
-14619 -15818
-11141 -12414
-7118 -7966
-1225 -2145
4302 3542
9227 9337
13157 13974
15642 17167
16967 19024
16433 18557
14445 16070
10785 12134
6441 7225
1664 1576
-3937 -4492
-8726 -9955
-12441 -14640
-14862 -17487
-16210 -18380
-15496 -17602
-13544 -14868
-9991 -11046
-5741 -5344
-775 -11
4601 5740
9276 11131
13137 15173
16079 17438
17291 18584
16484 17520
13930 15092
10204 10634
5387 4965
-97 -715
-4888 -6090
-10131 -11903
-13677 -15994
-16153 -18169
-16653 -18794
-15705 -17088
-12502 -13351
-8178 -8526
-3281 -3198
2618 2734
7969 8640
12616 12980
16499 16364
17958 17445
18212 17005
16376 15317
12577 11686
7704 7549
1891 2343
-3689 -2854
-9221 -7592
-13640 -11519
-16482 -14207
-17619 -15748
-17062 -15636
-15218 -13525
-11250 -9825
-5777 -6015
262 -885
5932 4433
11268 9491
15496 13519
17942 15808
18955 16740
17789 16114
14910 13504
11285 9261
6054 4450
-61 -1481
-5682 -6680
-10700 -11404
-14492 -14740
-16983 -16485
-17366 -17034
-15756 -15605
-12641 -12585
-7844 -7934
-2673 -2260
2898 3733
8449 9246
13188 13694
16494 16836
17667 18161
17134 17648
14652 15539
10531 11416
5584 6114
-101 171
-5759 -5488
-10599 -10719
-14082 -14853
-16753 -17430
-17437 -17835
-16573 -16692
-13694 -13393
-9546 -8839
-4679 -4184
1333 1201
7423 7028
11851 11533
15367 15452
17491 17207
18013 17270
16103 15344
13104 12317
8746 8514
2969 3391
-2499 -1848
-7989 -7290
-12740 -11428
-15723 -15071
-17136 -16534
-16010 -16272
-13839 -14593
-9681 -10823
-5123 -5976
497 -451
6176 4528
11036 9308
14420 13295
16309 15822
17043 17214
15875 15809
13452 14104
9604 10250
4790 5396
-643 116
-5915 -5386
-10240 -10055
-13520 -13498
-15623 -16075
-15986 -17172
-14672 -16319
-11678 -14041
-7972 -9871
-3350 -4757
1169 266
6257 5419
10890 10234
14551 14036
16260 16176
16196 16967
14121 16110
10284 13830
5655 9809
284 4421
-4877 -876
-9156 -6441
-12460 -11108
-14234 -15070
-15075 -17180
-13968 -17023
-11796 -15084
-7649 -11755
-3379 -7760
1033 -2721
6214 2632
10397 7531
13355 11836
15245 14830
15218 16884
13936 16467
11318 14779
8025 12456
4270 8262
-340 2923
-4738 -2544
-8475 -7266
-11683 -11913
-13290 -15381
-13163 -16673
-12300 -16566
-10108 -14896
-6565 -11884
-2234 -6915
2300 -1723
6914 4291
10527 9308
13320 13588
14670 16829
14259 18202
12496 17596
9725 14834
5290 10693
894 6006
-3688 237
-7393 -5263
-11160 -10057
-13355 -13758
-14478 -15988
-13705 -17031
-11634 -15523
-8271 -12706
-3780 -8500
880 -3292
5636 2193
9680 6903
12488 11378
13987 14364
14103 16531
12785 16733
10322 15609
6918 12738
2535 8474
-1377 3647
-5716 -1628
-9392 -6992
-12384 -11224
-13757 -14725
-13698 -16525
-12436 -16722
-9270 -15220
-5209 -11893
-1028 -7540
3948 -1913
7899 3792
11576 9002
13613 13062
14376 16463
13667 17708
11590 17268
8546 15202
4245 11192
-542 6163
-4291 689
-7824 -4355
-10566 -9814
-12147 -13931
-12611 -16050
-11931 -16706
-10097 -16192
-6481 -13791
-2110 -9992
2382 -5060
5588 -47
8998 5583
11117 11061
12435 15116
12534 18047
11513 18774
9333 17791
5697 14304
1875 10127
-2214 4569
-5779 -1005
-9085 -6737
-11235 -11535
-12241 -15145
-11852 -17299
-10360 -17644
-7365 -15936
-3557 -12064
823 -7673
4901 -2216
8859 3463
11824 8385
13789 12507
14299 15565
13430 16971
11255 17015
7493 15017
2894 11411
-1348 7394
-6151 2021
-9402 -3545
-11527 -8923
-12727 -13396
-12174 -15912
-10354 -16775
-7370 -15690
-3680 -13031
-19 -8667
3976 -3085
7261 2430
9872 7274
12144 11677
12223 14430
11340 16065
9417 15592
6288 13576
3002 10763
-747 6572
-4345 1674
-7418 -2616
-9804 -7285
-11011 -10518
-10895 -12779
-10148 -14202
-8408 -14104
-5539 -12505
-1879 -9394
1292 -5384
5287 -900
9002 3649
11645 7954
12874 11186
12849 13705
11198 14898
8401 14366
5130 12741
1539 9565
-2369 5268
-6074 975
-9626 -4203
-11662 -8131
-12648 -11445
-11835 -13873
-9999 -14539
-7018 -14125
-3528 -12130
314 -8285
4073 -3863
7500 1068
9970 6243
11370 10674
12300 14479
11583 16639
9265 16550
6666 15016
2978 11487
-1251 7055
-4687 2256
-7639 -3244
-10058 -8819
-11356 -12941
-11698 -15322
-10265 -15988
-7742 -15494
-4852 -13124
-736 -9164
3347 -4584
7136 990
10457 6764
12400 11356
13593 14859
13107 17401
11210 17502
8273 15695
4723 12683
592 8453
-3475 2855
-6929 -2292
-9885 -7166
-11907 -11345
-13148 -14577
-12851 -16099
-10696 -16375
-7663 -14634
-3713 -11661
-131 -7724
4389 -2170
7987 3175
11069 8464
13285 13122
14280 15838
13406 17124
11066 16611
7683 14252
3455 10840
-632 6085
-4706 810
-8616 -4469
-11249 -8996
-12425 -12598
-12280 -15501
-11318 -16752
-8642 -16216
-5444 -13790
-1487 -9729
2382 -5132
6266 93
9243 5821
11117 10968
11958 14977
11655 16935
9929 18201
7390 17056
4270 13696
824 8808
-2821 3503
-6673 -2462
-9391 -7861
-11315 -12716
-11767 -16062
-10414 -17681
-8875 -17503
-5938 -15859
-1989 -11846
1439 -7219
5500 -1263
8994 4713
11165 9675
12348 14490
12124 17495
11628 19293
9662 18912
6674 17206
2543 13292
-1731 8040
-5980 1845
-9030 -4467
-11915 -10598
-12858 -15147
-12391 -18098
-10923 -19394
-8400 -18778
-4637 -16073
-556 -11222
3521 -5801
8163 494
11030 7163
13717 13141
15032 17589
14771 19824
13165 20226
9993 18920
5455 15163
688 10288
-4248 4820
-8863 -1807
-12061 -8065
-14025 -13092
-14762 -16896
-13770 -19196
-11802 -18937
-8216 -16404
-3416 -12591
1265 -7453
6165 -2141
10533 3883
13738 9605
15351 13908
15389 16822
13870 18264
11468 18027
7523 15672
3074 11615
-1331 6734
-6352 655
-10644 -5460
-13611 -10427
-15203 -14594
-15409 -17164
-14122 -17704
-10769 -16468
-6987 -13112
-2320 -8987
2829 -3444
7403 2276
11203 7467
13955 12301
15431 15508
14888 17531
13359 17774
10443 16000
6368 12859
2026 8751
-2790 3541
-7538 -2070
-11191 -7138
-13717 -11058
-14736 -13972
-14361 -15777
-12555 -15599
-9559 -14215
-5381 -11081
-860 -7542
3710 -2778
8087 2660
11756 7633
14247 12300
15114 15278
14593 16989
12431 16607
9396 15109
5053 11780
257 6826
-4573 1503
-8702 -3302
-12434 -8783
-14817 -12447
-14891 -14936
-13711 -15538
-11183 -14989
-6976 -12306
-2076 -8518
2846 -4073
7692 1233
11984 6225
15136 10346
16221 12867
15575 14388
13599 14556
10039 13419
5640 10993
1052 7198
-3961 3108
-8541 -1715
-11542 -6171
-13570 -10000
-13764 -12562
-13090 -13722
-10767 -14144
-7706 -12828
-4159 -9855
512 -5574
4924 -1237
9110 3373
11667 7547
13457 11639
13909 14090
13103 15225
10767 14840
7571 12826
3294 10034
-840 6057
-4559 1421
-8115 -3361
-10431 -8115
-11488 -11843
-11879 -14928
-10651 -16024
-7907 -15442
-4661 -13681
-987 -9844
2910 -5487
6271 -279
8969 5062
10993 9581
11697 13373
11319 15956
9798 16873
7570 16192
4289 13097
773 9192
-2802 4408
-6121 -447
-9176 -5479
-11111 -10182
-12109 -13613
-11311 -15834
-9829 -16743
-7026 -15963
-3087 -13322
1095 -9460
5227 -4584
8451 698
10736 6209
12053 10867
11964 14755
10983 16946
8594 16755
5379 16036
1393 13531
-2470 9542
-5770 4513
-8760 -1381
-10724 -6702
-11444 -11900
-11397 -15190
-10138 -17192
-7908 -16958
-4697 -15290
-1101 -11219
3005 -6141
6635 -1081
9779 4590
12065 9677
13004 13576
12785 16212
11325 16971
8522 16411
5230 14296
860 10196
-3353 5519
-7478 -40
-10198 -5314
-12139 -10060
-12664 -13930
-11438 -16082
-9193 -16584
-5447 -14943
-1586 -12397
2344 -8118
6054 -2971
9401 2365
11785 7178
12379 11594
12218 14889
11055 16648
8813 17088
5591 15382
1780 12171
-2341 7859
-6150 2645
-9574 -2423
-11929 -7015
-12819 -11253
-12662 -14556
-11319 -16220
-8715 -16026
-5291 -14026
-595 -10775
4222 -6625
8472 -1520
12188 3649
14470 8433
14857 12804
13783 15555
11501 16883
8020 16042
4109 14065
-190 10413
-4778 5965
-8774 643
-12203 -5003
-13776 -9769
-14298 -14510
-13489 -16702
-11071 -17363
-7790 -16098
-2891 -13357
1765 -9343
6884 -4154
11100 1460
14134 7347
16254 11595
16566 15269
14755 17882
11425 18597
7754 17157
2855 13555
-2168 9024
-7123 3265
-11595 -2271
-14735 -7890
-16006 -12479
-16274 -16134
-14267 -17742
-10845 -17483
-6543 -15426
-946 -12042
4763 -7507
10283 -2110
14490 3416
16759 7955
17520 12909
16605 16029
13698 17607
9914 17828
4945 15828
-548 12238
-5564 7655
-9650 2059
-13177 -3765
-14943 -8807
-15579 -12737
-13866 -15887
-11193 -17204
-6951 -16895
-2224 -14860
2981 -11247
8246 -6106
12189 -765
15441 4667
16641 9572
16570 13481
14379 16225
10956 17529
6225 16563
1667 14233
-3091 10842
-7962 6501
-11904 1508
-14644 -3596
-16399 -7947
-16365 -11376
-14168 -14342
-10494 -15663
-5930 -15272
-863 -13298
4564 -9347
9635 -4655
13254 -43
15657 5008
16715 9339
15954 13358
13660 15352
10074 16013
5426 15326
449 13180
-4687 9923
-9414 4758
-13383 -253
-15690 -5442
-16214 -10231
-14997 -13494
-12424 -15968
-7927 -16278
-2820 -14745
2273 -11943
7337 -7591
11613 -2757
15039 2541
16485 7594
16029 12588
13917 15797
10443 17130
6245 16802
1223 14454
-3563 10776
-8231 6378
-11748 1568
-14188 -3652
-15635 -8782
-15166 -12736
-12729 -15372
-8960 -16620
-4165 -16073
985 -13633
5839 -9418
9909 -4740
13268 951
15274 6194
15505 11346
14271 15369
12079 17727
8273 18150
3662 16505
-898 13216
-5652 8525
-10174 3193
-13182 -1720
-15426 -7204
-15770 -11863
-14423 -15169
-11524 -16589
-7307 -16783
-1957 -15369
3191 -11729
7413 -7209
11899 -1831
14267 4014
16079 8971
16076 12508
14741 14994
11574 16768
7109 15971
1988 13558
-3041 10477
-8058 6661
-12395 2047
-15510 -2949
-16814 -7431
-16267 -10906
-14367 -13674
-10725 -14902
-5980 -14897
-980 -13144
4267 -10345
9309 -6121
14248 -1126
17439 3748
18907 8124
18112 11769
15768 14213
11574 15270
6665 15056
864 12969
-4940 9658
-10571 5295
-14503 1063
-16960 -3319
-17697 -7521
-16668 -11302
-13132 -13549
-8962 -14531
-3084 -13877
2513 -11864
7940 -8436
12568 -3902
15996 515
17640 4510
17834 8820
15824 12013
11692 14461
7118 15518
1209 14424
-4189 11977
-9319 8523
-14124 4181
-16709 -770
-17499 -5206
-16451 -8911
-14252 -11598
-9864 -13360
-5132 -13737
298 -12356
6019 -10316
11440 -6824
15641 -2202
18080 2918
19438 7088
17806 10544
15073 13485
10295 14917
4425 14402
-1553 12951
-7195 10332
-12235 6740
-15879 1980
-18071 -2998
-18044 -7467
-15872 -11095
-12551 -13511
-7251 -14740
-1587 -14025
3947 -11972
9730 -8454
15198 -3979
18465 673
19281 5193
18116 8997
15100 12086
10433 13886
5497 14648
-559 13672
-6154 11631
-11453 8185
-15386 4423
-17814 -24
-17861 -5145
-16169 -9271
-12775 -12107
-8240 -14122
-2759 -15011
2957 -14022
8427 -11099
13005 -7791
16785 -2951
18463 2009
18047 6552
15963 10559
12549 13536
7759 15469
1919 15787
-4184 14578
-9558 11136
-14029 7191
-17188 1722
-18139 -3950
-17021 -9228
-14657 -13264
-10517 -15704
-5088 -16472
920 -15500
7208 -13255
12379 -9121
16128 -4741
17972 598
18354 5524
16176 10575
12813 14416
8363 16705
3241 17267
-2868 16356
-8109 13246
-12610 8570
-15470 3226
-16703 -1925
-16354 -7437
-14045 -12022
-10705 -15271
-6196 -16949
-1732 -17156
3935 -15246
9366 -11416
13690 -6590
17168 -941
18179 4672
17629 9623
15361 13907
11604 17269
6948 18319
1202 18033
-4098 15660
-8889 11689
-12628 6798
-15905 1213
-17043 -4784
-16476 -10152
-13776 -13886
-10295 -16390
-5292 -17074
258 -16005
5766 -13230
10336 -8701
14397 -3219
17034 2823
17769 8176
16943 12386
15132 15808
11241 17493
5757 17216
329 15385
-5211 11336
-10417 6405
-14535 803
-16691 -4365
-17322 -9950
-16315 -13765
-13633 -16621
-9720 -17088
-4092 -16161
1584 -13482
7021 -9706
12371 -4440
15754 662
17623 6203
17796 11155
16213 15096
12862 17186
8235 17930
2846 17114
-2992 14363
-8609 9730
-13062 3853
-16100 -2026
-17588 -7245
-17448 -12304
-15658 -15575
-12122 -17082
-7366 -16736
-1559 -14703
4257 -11250
9747 -6764
14139 -1173
16871 4226
18119 9350
17455 13486
14939 16069
10947 16903
5583 16243
175 14236
-5587 10301
-11080 5571
-15021 803
-17360 -4923
-18545 -9979
-17133 -13540
-14699 -15433
-10762 -16162
-5712 -14621
135 -11689
5637 -7627
11069 -2566
15361 2696
17714 7755
18244 12114
16898 15121
13426 16738
8929 16740
3859 15142
-1740 11713
-7256 7342
-11738 2142
-14371 -3129
-16545 -8280
-17090 -12608
-15070 -15530
-11729 -16634
-7305 -16780
-1639 -14563
3544 -10931
8976 -5871
13270 -831
16581 4834
18152 9839
17903 13932
15460 16924
12057 17879
6841 16604
897 13744
-4750 10119
-9896 5185
-13803 331
-16965 -4928
-17486 -9258
-16720 -12698
-14371 -15099
-9843 -15904
-4712 -14659
1058 -11994
7243 -8163
12438 -3820
16235 949
18651 5744
18879 10074
17317 13615
14150 14693
9490 15099
3627 13270
-2141 10144
-7551 6424
-12120 2553
-15403 -1911
-17149 -6131
-17547 -10113
-15739 -12373
-11930 -13409
-7152 -13018
-1391 -11139
4334 -8485
10101 -4820
14412 -165
16855 4321
18336 8101
17188 11063
14575 13065
10856 13217
5984 12040
321 10123
-5563 7128
-10406 3345
-14373 -738
-16597 -4619
-17193 -8116
-15770 -10704
-12630 -11821
-8428 -11928
-3853 -10780
1938 -8646
6982 -5846
10987 -1921
14704 1800
16600 5393
17493 8585
15912 10872
13352 11853
9412 11609
4370 10187
-651 7861
-5813 4957
-10329 1879
-14107 -1844
-16410 -5528
-16942 -8174
-15185 -10194
-11581 -11403
-7562 -11368
-2487 -10363
2886 -8006
7925 -4802
12234 -541
15378 3445
16907 7026
16673 9943
15023 12278
11499 13313
7175 12227
1877 10455
-3588 7738
-8434 4211
-12387 -84
-15068 -4370
-16146 -7615
-15773 -10119
-13520 -12128
-9801 -12807
-5543 -11989
38 -9662
5571 -6251
10493 -2571
14496 1410
16582 5689
17173 9638
15547 12189
12445 13516
8864 13833
3545 12635
-1386 10210
-6396 6978
-10995 3130
-14556 -898
-16513 -5004
-16536 -8979
-14462 -11885
-11410 -12723
-7356 -13033
-2196 -11441
3686 -8829
9081 -5473
12798 -1473
15699 2748
16895 6786
16288 10393
14126 12977
10577 14607
5807 14116
580 11798
-4060 9079
-8757 5069
-12193 831
-14407 -3547
-14964 -7109
-14410 -10236
-12416 -11993
-9241 -12765
-4613 -11302
365 -9483
5544 -6549
9967 -2816
13274 943
15234 4219
16102 7328
14637 9555
11731 10803
7743 11300
2953 10415
-2284 8272
-6824 5577
-10644 2093
-13144 -2209
-14220 -5897
-13680 -8883
-12147 -10816
-9217 -11757
-4474 -10969
289 -9095
4752 -6365
9558 -3259
13028 114
15142 3647
15948 6794
15290 9210
12470 10637
8806 10298
4314 9453
-564 7395
-5465 4913
-9757 2250
-13411 -857
-15681 -3900
-16551 -6819
-14795 -9019
-11448 -10256
-7561 -10067
-2981 -9424
1653 -7762
6474 -5089
10227 -1608
13157 2069
14738 6205
14853 8903
13581 11236
10714 11986
6778 11512
1954 9655
-2606 7310
-7413 4013
-11527 309
-14085 -3363
-15134 -6550
-14707 -9175
-13217 -10466
-9887 -10516
-5092 -9908
32 -8257
5077 -5695
9423 -3007
13157 515
15829 3797
16215 6656
14948 9398
12207 11168
8496 11713
3653 10942
-952 9003
-5442 6469
-10189 3441
-13533 65
-15242 -3617
-15368 -6401
-13940 -9142
-11355 -10606
-7291 -11050
-2503 -9972
2410 -8205
7481 -5552
11787 -2205
14377 1231
15487 4152
14769 7097
12528 9072
8785 10549
4234 10431
-142 9188
-4766 8177
-8954 5529
-11805 2290
-13995 -630
-14490 -4170
-13614 -6569
-11511 -8379
-7640 -9808
-3494 -10064
827 -9206
5395 -7144
10231 -4434
13848 -1438
15607 1549
15716 4940
14379 7744
11380 10067
7225 10898
2915 10950
-2236 10028
-6678 7826
-10490 5278
-13290 2117
-14851 -1422
-14554 -4945
-13201 -8242
-10029 -9902
-6243 -10879
-1556 -11006
3145 -9788
7792 -7145
12081 -3929
14922 -570
16347 2475
16176 5869
14052 8411
10965 10513
6409 10844
1303 10684
-4137 9133
-8681 6654
-12317 3635
-15179 -302
-16058 -4151
-15077 -7730
-13319 -10044
-9575 -11131
-4796 -11647
389 -10659
5759 -8968
10395 -5885
13958 -2373
16257 2061
16715 5848
15985 9465
13544 11439
9415 12716
4483 12108
-267 10609
-5203 8177
-9449 4839
-12983 854
-14665 -2716
-15318 -6421
-14086 -9160
-11523 -10805
-7839 -11439
-3472 -11153
1053 -9671
5425 -6813
9740 -3768
12835 -124
14976 3023
15090 5794
14145 8291
11528 9664
7470 10706
3157 10201
-1112 8680
-5580 6167
-9608 2922
-12401 -183
-13753 -3275
-14180 -5812
-12903 -7507
-10028 -8427
-6433 -8699
-2391 -8187
1762 -6986
6699 -4639
10864 -1591
13364 1457
14900 4399
14744 7198
13449 8813
10357 10468
6433 10446
1797 9332
-2670 7812
-6745 5000
-10548 2268
-12904 -730
-14020 -3895
-13861 -6159
-11696 -7848
-8646 -8616
-5118 -8251
-1148 -7496
3791 -5995
7629 -3907
11369 -1537
13875 858
14979 3145
14134 4877
12197 6785
8688 8170
4628 8306
367 7617
-4720 6306
-8642 4230
-12198 1370
-14159 -877
-14848 -3349
-13849 -5547
-11556 -7030
-7566 -7859
-2962 -7976
1723 -7338
6524 -5680
11133 -3302
14161 -275
15800 1936
15336 4221
13631 5630
10310 7109
6102 7403
1843 6997
-3006 5589
-6906 4121
-10789 2104
-13149 -219
-14663 -2364
-13882 -4190
-12067 -5592
-8716 -6372
-4847 -6334
-593 -5939
4037 -4733
8600 -3254
12146 -894
14680 1610
15694 3371
15358 5156
13220 6600
10148 7053
5872 6613
1007 5635
-3621 3888
-8133 1864
-11977 -535
-14227 -2844
-15166 -4862
-14519 -6675
-12700 -7636
-8608 -7679
-4310 -6565
274 -4848
5121 -2762
10109 -282
13075 3052
14883 5641
15605 7434
14220 8581
11823 9774
8475 9658
3749 8105
-1119 5941
-5687 3646
-9982 643
-13108 -2374
-15040 -5464
-15236 -7602
-13936 -9344
-11102 -9708
-6579 -9014
-2040 -7219
3004 -4713
7757 -1897
11734 1387
14885 4332
16107 7101
14814 9278
12592 10642
8751 10561
4093 9354
-658 7236
-4790 4385
-8835 891
-12026 -2516
-13860 -5927
-14322 -8584
-13431 -10198
-11381 -10767
-7465 -10228
-2781 -8959
2190 -6302
6730 -3157
10652 537
13808 3817
15476 7130
15319 8647
13966 9857
11001 10579
6920 9821
1905 7666
-2930 5372
-7336 2499
-10969 -898
-13491 -4319
-14545 -6992
-14066 -8907
-11582 -9603
-8240 -9407
-4084 -8800
309 -7391
4767 -4512
8898 -1016
11892 2720
13788 5777
14439 7783
13456 9969
11486 11043
7987 10002
3854 9177
-418 7136
-5238 4300
-8730 897
-11599 -1652
-13340 -4694
-13248 -6849
-12756 -8650
-10424 -9143
-6899 -8627
-2998 -6918
1635 -4594
6003 -1858
9873 1079
12717 3625
13967 6432
13877 8704
12754 9491
10043 9197
6262 8302
1591 6367
-3512 4363
-7679 1705
-11320 -1258
-14126 -3885
-14556 -6623
-14313 -8297
-12200 -9036
-9236 -8721
-4582 -7138
475 -4610
4919 -2090
9514 840
12810 3627
15194 6153
15966 8202
14947 9247
12476 9323
9202 8693
4642 6785
-348 4622
-5226 1869
-9218 -1214
-12416 -4337
-14231 -6864
-14925 -9063
-13609 -9981
-11180 -9779
-7413 -9199
-2963 -6394
2028 -3595
6779 -6
10335 3459
12499 7311
14240 9913
14444 12064
12670 12552
10232 11785
6384 10160
1754 7693
-2789 3961
-7094 -368
-10819 -4051
-13215 -7478
-14270 -10513
-13923 -11628
-11967 -11911
-8940 -11330
-4752 -9452
-172 -6456
4772 -2810
8911 1174
11860 4825
13779 8020
14544 10898
13266 12259
10336 12595
6640 10947
2457 8799
-2039 5440
-6478 1163
-10525 -2691
-13339 -6284
-14397 -9089
-14398 -11358
-12779 -11944
-9556 -11177
-5677 -9122
-1312 -6129
3388 -2739
7836 1154
11155 4580
13796 7752
14892 10125
14457 11718
12172 12133
9069 10930
5265 9177
399 6269
-3869 2721
-7806 -707
-11361 -4463
-13484 -7181
-14110 -9427
-12784 -10713
-10543 -10506
-7192 -9784
-2987 -7572
1751 -5380
6101 -1431
9651 2279
12235 5415
13476 8231
13806 10373
12596 11620
9763 11870
6969 10462
2688 7911
-1948 5011
-5493 1587
-8746 -2425
-11220 -5963
-11818 -8718
-11383 -10470
-9652 -11341
-6771 -10272
-3669 -8460
-15 -5499
3517 -2660
7074 897
10167 4621
11825 8360
12374 10949
11443 12609
9116 12661
6810 11385
3556 9106
58 6107
-3879 2414
-7695 -1535
-10517 -5116
-12111 -8302
-12641 -10612
-11909 -11467
-9708 -11310
-5849 -9711
-1536 -7339
2849 -4428
6978 -1110
10444 2124
12817 5610
13913 7977
13418 9820
11964 10674
8581 10972
4266 9206
-262 7128
-4647 4112
-8539 377
-11145 -2753
-13025 -5696
-13194 -7908
-12609 -9356
-10784 -9609
-7851 -9296
-3833 -7585
999 -4902
5716 -2077
9703 552
12762 3530
14418 5874
15076 8463
13937 9929
11250 10003
7407 9184
3247 7469
-1459 5218
-5916 2321
-9365 -1045
-12102 -3791
-13333 -6277
-12846 -7591
-11784 -8356
-9206 -7877
-5869 -6960
-1582 -5487
2519 -3453
6722 -764
10346 1999
13467 4679
14625 7099
14425 8692
13127 9695
10063 9266
6429 7629
1814 5361
-2919 3063
-7331 632
-11105 -1903
-14003 -4224
-15155 -6489
-14514 -7774
-12458 -7829
-8919 -6853
-4631 -5682
525 -3950
5454 -1674
10061 1117
13441 3535
15466 5734
16241 7526
15272 8706
12616 9270
8617 8690
3805 7309
-1779 4722
-6693 1653
-11036 -1657
-14229 -4224
-15770 -6854
-15316 -9174
-13481 -10489
-9975 -10517
-5492 -9676
-504 -7631
4203 -4415
9032 -936
13060 3030
15192 6632
16164 9717
15393 11421
13189 11787
10010 11336
5961 9760
1283 7189
-3891 3542
-8682 -261
-12364 -4464
-14104 -7693
-14726 -10412
-13998 -12291
-11878 -12512
-8605 -10891
-4194 -8531
788 -5671
5843 -2026
9918 2260
12911 6298
14606 9279
14965 11184
13295 12260
10575 12256
6932 10654
2327 8014
-2713 4432
-6818 324
-10080 -3531
-12315 -7321
-13774 -10570
-13410 -12261
-10893 -12886
-8246 -11893
-4431 -10407
-60 -6972
4498 -2917
8789 1558
11936 5791
13168 9179
13363 12097
12651 13764
10323 13899
6878 13030
2503 11221
-2202 7819
-6046 3635
-9858 -615
-12623 -5113
-13767 -8558
-13594 -11632
-12186 -13429
-9780 -13661
-5863 -12223
-1564 -10020
2712 -6610
6808 -2480
10824 2230
13790 6642
15336 10197
15252 12576
13986 13527
10786 13107
6841 11921
2256 9565
-2983 5995
-7787 1602
-11643 -3078
-13689 -7233
-14717 -11243
-14029 -13173
-11805 -14075
-8498 -13974
-4236 -11938
545 -8876
4948 -4677
9040 264
12411 4955
14771 9450
15307 12179
13791 14121
11528 14997
8085 13910
4106 11567
-912 7847
-5025 3960
-8940 -1151
-12278 -6191
-14462 -9789
-14598 -12776
-13275 -14782
-11059 -14903
-7819 -13692
-3254 -10993
1336 -7030
6175 -2505
10163 2324
13282 7479
15480 11629
15886 14771
14596 16177
12124 15338
8614 13115
3979 9842
-908 6223
-5866 1585
-10009 -3337
-12779 -8000
-14575 -11901
-14558 -14238
-13507 -15475
-10672 -15041
-6881 -12945
-2602 -9119
1959 -4849
6451 122
10330 5289
13063 9698
14546 13479
14450 15578
12713 15844
9407 14640
5997 11733
1671 7779
-2771 3397
-6997 -1880
-10275 -6475
-12728 -10222
-13503 -13163
-12700 -14804
-10781 -14905
-8176 -13680
-4211 -10374
389 -6194
4815 -1534
8584 3154
11486 7699
12988 11310
13343 14259
12584 15743
10036 15289
7358 13761
3075 10272
-1253 5946
-5423 1176
-8525 -3982
-11565 -8388
-13549 -12143
-13730 -14974
-12216 -16062
-9205 -15577
-5779 -12969
-1676 -9317
2403 -5148
6979 -146
10533 5178
13024 9675
14200 13165
13829 15069
12235 15881
9723 15693
5895 13439
1358 9953
-3130 5908
-7693 741
-11496 -4257
-14355 -8881
-15276 -12739
-14348 -15302
-12160 -15460
-8345 -14610
-3691 -12364
974 -8990
6247 -3884
10777 948
14383 5738
15949 10521
16457 14260
15084 16439
11751 17208
8448 15972
3503 13102
-1852 8893
-7040 3491
-11152 -1437
-14319 -6789
-15913 -11371
-16240 -14747
-14548 -16543
-11514 -16511
-6815 -14625
-1322 -11382
4162 -6912
9000 -1591
12490 3583
15111 8525
16221 12300
15591 15521
14059 16860
10115 16414
5101 14212
-282 10821
-5481 6258
-9679 1172
-13162 -4272
-14578 -8630
-15078 -12643
-13994 -14981
-11217 -15573
-7781 -14970
-2965 -12379
1702 -8912
6269 -4305
10683 834
13551 6042
15298 10430
14971 14052
14112 16510
11043 16889
7270 16038
2368 13429
-2375 9203
-6673 3663
-10649 -1908
-13661 -6844
-15043 -11946
-15390 -15137
-13875 -17429
-11055 -17940
-6526 -16298
-1872 -12792
3636 -7864
8420 -2046
12648 3890
15266 9339
16252 14015
15478 17016
13766 18315
10310 17467
5558 15287
539 11023
-4879 5974
-9336 214
-13252 -5508
-15357 -10493
-16254 -14409
-15125 -16449
-12238 -16721
-8262 -14923
-3009 -11827
2401 -7851
7276 -2684
11264 2316
14490 7199
16403 11103
16266 14151
14522 15963
12068 16111
7543 14979
2465 12336
-3084 7969
-8067 3178
-11999 -1695
-15033 -6765
-16067 -10932
-15789 -14349
-13086 -15952
-9494 -15555
-4962 -14477
185 -11906
5757 -7932
10701 -3072
14511 2422
16554 7472
16797 11972
15249 15040
12138 16797
8003 17089
3395 15406
-2137 12048
-7217 7516
-11296 2059
-14005 -3227
-14987 -7928
-15317 -11978
-13315 -14879
-10796 -16176
-6612 -16130
-1434 -14190
3827 -10987
9000 -5962
12628 -1027
14623 4700
15674 9647
14805 13398
12771 15855
9491 17097
5832 16090
769 13751
-4243 9760
-8184 5509
-11584 358
-13821 -4632
-14503 -8886
-13892 -12511
-11370 -14690
-7935 -15485
-4033 -14681
452 -12006
5250 -8205
9318 -3709
12276 773
14101 6201
14473 10241
13705 13726
11819 15742
8596 15667
4574 14649
846 12195
-3264 8219
-6956 3031
-9989 -2056
-12048 -6907
-12962 -11186
-12280 -13817
-10063 -15180
-6807 -15224
-3165 -13790
1183 -10770
5305 -6515
9184 -1754
12014 3057
14238 8151
14213 12590
13025 15236
10519 16277
7231 16077
3183 13870
-947 10523
-5293 6188
-9155 1374
-12068 -3946
-13367 -8650
-12814 -12270
-11296 -14464
-8636 -15234
-5568 -14867
-1279 -12776
3439 -8956
7361 -4659
11501 1016
13360 6369
14318 11215
13684 14492
11467 16230
8489 17261
4355 16427
-303 13526
-4794 9362
-8660 4095
-11492 -1067
-13129 -6267
-13398 -10477
-12313 -13843
-9698 -16306
-6631 -16766
-2568 -15701
1913 -12812
6305 -8680
9394 -3623
12239 2308
13151 7598
13078 12289
11636 15903
9327 17689
6094 17678
1758 16109
-2489 13104
-6694 8665
-10516 3201
-12853 -2879
-13668 -8577
-13159 -13432
-11363 -16301
-8496 -17771
-4317 -17031
238 -14867
4454 -11122
8374 -5956
11960 -75
13887 5659
14475 10545
13892 14559
11845 16820
8854 17140
4669 16233
186 13604
-4697 9781
-8935 4972
-12314 -396
-14085 -6021
-14712 -10927
-13285 -14364
-10709 -16292
-6725 -16552
-2199 -14980
2561 -11799
7211 -7547
11314 -2892
14867 2356
16347 7177
16526 11579
14586 14818
11020 16815
7378 17133
2574 15734
-2355 12602
-7229 8383
-11221 3019
-14151 -2211
-15736 -7968
-15658 -12437
-13994 -15631
-11076 -17021
-7313 -16948
-1883 -14972
3328 -11505
8303 -6911
12197 -1411
15061 3719
16594 8976
16779 12738
14993 15283
12042 16265
7176 15188
2205 13140
-2984 9807
-7559 5141
-11506 146
-14240 -4526
-15448 -9212
-14960 -12586
-12990 -14924
-10471 -15694
-6347 -14792
-1205 -12597
3693 -8846
8569 -4024
12318 889
14758 5638
15958 10017
15464 13310
13548 15375
10443 15319
5740 14783
728 12200
-4595 8389
-8830 3578
-12453 -1686
-14504 -6702
-15114 -11070
-14709 -13891
-12388 -15544
-8264 -15564
-3555 -13914
1302 -10741
6497 -6801
10566 -1462
13594 3270
15165 7863
15695 11520
14435 14398
11710 15521
7981 15164
3396 13006
-1847 9881
-5936 5604
-9802 264
-12517 -4645
-13843 -8888
-14328 -13270
-12450 -15854
-9667 -16333
-5910 -15294
-1528 -12493
3299 -8805
7870 -4025
11724 1499
13850 6383
15629 10360
15103 13352
13202 14941
9716 15453
5313 14043
-36 11255
-4647 7483
-9102 2750
-12349 -2070
-14909 -7124
-16291 -11188
-15414 -14081
-12586 -15190
-8641 -15014
-3848 -12740
1390 -9838
6284 -5586
10567 -1299
13467 3078
15245 7038
15676 10634
14368 12589
11548 13276
7991 13589
3321 11936
-1809 9030
-6783 5380
-10893 1132
-13768 -2900
-15229 -6704
-14791 -9839
-12714 -12021
-9802 -12635
-5834 -11988
-788 -10199
4176 -7475
8627 -3726
12229 120
14522 4537
15482 8291
14796 11256
12445 13130
8893 14164
4388 13311
-401 11140
-5650 7888
-10082 4008
-13535 -22
-15256 -4384
-15453 -8543
-14318 -11673
-11144 -13000
-7159 -13311
-2226 -12267
2443 -9977
6763 -6937
10422 -2911
13815 1680
14816 5946
14462 9757
13260 12336
10562 14188
6752 14110
2910 12904
-1391 10248
-5795 6825
-9350 2388
-12114 -1907
-13333 -6622
-13235 -10993
-11898 -13657
-9484 -15093
-5761 -14387
-1581 -12542
2913 -9201
6684 -5277
10004 460
12556 5644
13276 10110
12876 13829
11005 15929
8226 16834
4628 15583
671 12600
-3135 9062
-7168 4191
-9863 -906
-12068 -6143
-13269 -10279
-12705 -13528
-11480 -15634
-8365 -16243
-4448 -14710
768 -11955
5289 -7835
9168 -2865
12467 2825
14541 7974
14621 12665
13368 15386
11091 16996
7265 17058
3298 15107
-844 11876
-5177 7438
-8912 2331
-11517 -2562
-13170 -7438
-13028 -11224
-11516 -13900
-9014 -15211
-5813 -15374
-1335 -13196
3141 -10001
6864 -5834
10583 -907
12627 4196
13346 9202
12875 13032
10898 15994
7538 16443
4169 15788
181 13173
-3714 9266
-7153 4800
-10364 -550
-12392 -5758
-12557 -10642
-11540 -14274
-8999 -16047
-6116 -16600
-2192 -14882
1678 -11939
5053 -7999
8835 -2782
11458 2345
12998 7366
13367 11172
12697 13998
10343 16211
6655 16379
2611 15022
-1902 12158
-6242 7746
-9470 2749
-12215 -2872
-13609 -8376
-13299 -12982
-11608 -16336
-9036 -17997
-4769 -17830
-764 -15759
3546 -11923
8106 -6849
11616 -1300
13304 4813
14121 9703
13983 14253
12333 17000
9444 18101
5548 17648
1195 15276
-3349 11092
-7574 6000
-11208 497
-13433 -4552
-13902 -9792
-13395 -13260
-11540 -15440
-8265 -16373
-4324 -15612
315 -13556
4721 -9788
8834 -5316
12098 254
14240 5440
14561 10701
13254 14263
11015 16632
7688 17082
4028 15661
187 13177
-4484 8712
-8629 3399
-12129 -2492
-14094 -7408
-15077 -12815
-13999 -15707
-11561 -17460
-7824 -17503
-3133 -15209
1737 -11339
6571 -6398
10475 -763
13651 4988
15791 9801
16137 14203
14791 17088
12290 18583
8158 17796
2515 15384
-2575 11134
-7004 6257
-11072 546
-14134 -5781
-15854 -11330
-15668 -14971
-13978 -17763
-10720 -18203
-5890 -17276
-896 -14645
4235 -9927
9248 -4081
12668 2079
15036 7788
15449 12725
15189 16068
13352 17903
10318 18493
6271 17053
1125 13560
-3965 8636
-8328 3111
-12516 -3315
-14906 -9208
-15988 -13726
-15363 -16932
-13583 -18361
-10270 -17585
-5126 -15508
281 -11817
5351 -6204
9447 -973
13195 5115
15689 10780
16615 14860
15950 17264
13167 18356
9054 17425
4859 14872
-109 10570
-4776 5114
-9056 -76
-12580 -5400
-14825 -10453
-15941 -14345
-14606 -16512
-11864 -17359
-7828 -16129
-2725 -13364
3112 -9059
7942 -3569
11826 1726
14798 7599
16366 12741
16538 16534
15005 18721
11744 19038
7443 17104
2086 13514
-3269 9176
-8486 3269
-12552 -3390
-14925 -9267
-15242 -13898
-14229 -17762
-12019 -19614
-8638 -19835
-3651 -17802
1542 -13817
6173 -7698
10769 -1200
13658 5339
15107 11816
15545 16734
13865 20072
11305 21259
7750 19903
2912 16511
-2666 11870
-7310 5890
-11548 -1152
-13967 -7217
-15247 -13099
-14646 -17362
-12686 -20311
-9716 -20490
-5222 -18084
-534 -14837
4307 -9414
8620 -3251
11915 3704
14101 10167
15193 15872
14478 19665
12455 21791
9041 21279
4971 18644
57 14228
-5106 8025
-9456 1299
-12670 -5623
-14616 -12119
-15762 -17392
-14790 -20762
-12127 -21305
-8619 -20028
-3204 -16676
1795 -11766
7236 -5163
11711 2176
14875 9393
16553 14709
16514 19106
15039 20849
11831 20775
7789 19207
2487 15494
-2595 10710
-7389 4227
-11094 -2553
-13656 -9290
-15169 -14902
-15145 -19295
-13086 -21752
-9825 -21814
-5183 -19160
-872 -15212
4285 -9255
8504 -2851
12371 4294
15369 11234
16174 16271
15305 20490
13125 22182
10006 21855
5506 19201
969 14717
-3872 8361
-7880 1233
-11418 -6126
-13600 -12544
-14297 -17311
-13826 -20397
-11602 -21447
-8104 -20409
-3459 -17547
1160 -12975
5791 -6599
9529 216
11782 7534
13498 13818
14454 18453
13170 21270
11026 21989
7815 20942
3046 17781
-1441 12698
-5703 6564
-9743 -823
-12576 -8011
-14502 -13854
-14904 -18496
-13438 -21396
-10892 -21682
-6826 -19777
-2221 -16148
2848 -10440
7616 -3819
10895 3023
13697 9825
15038 15009
15003 19068
13612 21059
10661 20851
7015 19103
2291 14796
-2160 8576
-6626 1988
-10618 -4963
-13007 -10900
-14546 -16126
-14734 -19859
-13278 -21130
-10283 -20504
-5988 -17602
-696 -13260
3978 -7173
8528 -64
11916 6234
14477 12445
15948 17797
15499 21525
13496 22990
9810 22119
5329 18852
496 13424
-4026 7100
-8869 -310
-12580 -7513
-14553 -13910
-15253 -18797
-14739 -22304
-12559 -23023
-8789 -21696
-3956 -18318
691 -13255
5935 -6117
10036 1487
13367 8327
15849 14662
16304 19412
14726 22821
11573 23170
7225 21494
2898 17953
-2389 12156
-7685 5213
-11851 -1938
-15039 -9081
-16035 -14601
-15526 -18580
-13678 -21165
-10266 -21749
-5854 -19411
-710 -15072
4872 -9130
9836 -2512
14181 5359
16868 12314
17337 17330
16414 20760
13734 22690
9753 21593
4324 18832
-1350 14173
-6454 8214
-10937 817
-14894 -6459
-16859 -12624
-16803 -17879
-15211 -21477
-11641 -22708
-6996 -21452
-1675 -17835
3349 -12885
8456 -6579
12840 1056
15388 8555
16704 15321
16361 20169
14276 22118
11235 22372
6824 20576
1232 16426
-4374 10717
-9413 4051
-13362 -3503
-15678 -9834
-16467 -15958
-15579 -19663
-12959 -21345
-9175 -20697
-4544 -18342
761 -14282
5806 -8441
10520 -2099
14247 5348
17028 11100
17764 16342
16782 19788
14212 21054
10290 20152
5376 17399
-453 12734
-6014 6896
-10591 623
-14093 -5707
-16213 -11493
-16637 -16464
-15078 -19091
-11895 -20110
-8335 -19448
-3413 -16471
2032 -12479
7295 -6701
11702 -378
14830 6532
16385 11977
16238 16310
14424 19216
11640 20126
7297 19325
2527 16232
-2721 11838
-7783 6181
-11888 -42
-14582 -5827
-16201 -11379
-15702 -15846
-13581 -18274
-10472 -19245
-5854 -18370
-534 -15047
4559 -10636
9183 -4778
12965 1628
15552 7880
16405 12824
15851 16838
13868 19021
9991 19180
5381 17188
-210 13058
-5430 8054
-10219 2264
-14254 -3275
-16284 -9164
-16647 -13396
-15287 -16564
-12206 -17520
-8401 -17049
-2792 -14944
2099 -11099
7287 -6682
12548 -1178
16272 5208
18240 10561
18516 14459
16936 17286
13575 17782
8799 16960
2912 14418
-3134 10788
-8817 6107
-13861 75
